39.34375 -120.65625   0.00210931         1735   127474   1 0.0
39.34375 -120.59375   0.04869535         1802   127442   2 0.0
39.34375 -120.40625   0.00184916         2169   159929   3 0.0
39.28125 -120.78125   0.00024529         1445   110852   4 0.0
39.28125 -120.71875   0.25144927         1517   110760   5 0.0
39.28125 -120.65625   0.67163675         1602   115476   6 0.0
39.28125 -120.59375   0.75888477         1879   122731   7 0.0
39.28125 -120.53125   0.52444943         1919   132503   8 0.0
39.28125 -120.46875   0.49229618         2035   136971   9 0.0
39.28125 -120.40625   0.65777547         1956   145896  10 0.0
39.28125 -120.34375   0.55211687         2074   152655  11 0.0
39.28125 -120.28125   0.07360309         2357   160872  12 0.0
39.21875 -120.84375   0.05156659         1083    96337  13 0.0
39.21875 -120.78125   0.49175952         1201    97810  14 0.0
39.21875 -120.71875   0.77627432         1147   103412  15 0.0
39.21875 -120.65625   0.77627432         1345   112130  16 0.0
39.21875 -120.59375   0.77627432         1513   119940  17 0.0
39.21875 -120.53125   0.77627432         1526   124779  18 0.0
39.21875 -120.46875   0.77627432         1705   135599  19 0.0
39.21875 -120.40625   0.77627432         1921   138987  20 0.0
39.21875 -120.34375   0.77627432         2069   145854  21 0.0
39.21875 -120.28125   0.45462939         2347   153665  22 0.0
39.15625 -120.96875   0.00006061          751    80661  23 0.0
39.15625 -120.90625   0.23907063          825    79080  24 0.0
39.15625 -120.84375   0.70701946          898    82448  25 0.0
39.15625 -120.78125   0.77696494         1078    84717  26 0.0
39.15625 -120.71875   0.77696494         1200    96829  27 0.0
39.15625 -120.65625   0.77696494         1498   104466  28 0.0
39.15625 -120.59375   0.77696494         1549   111887  29 0.0
39.15625 -120.53125   0.77696494         1865   119850  30 0.0
39.15625 -120.46875   0.77696494         1907   127469  31 0.0
39.15625 -120.40625   0.77696494         1847   132802  32 0.0
39.15625 -120.34375   0.77696494         2138   142933  33 0.0
39.15625 -120.28125   0.73203148         2254   153834  34 0.0
39.15625 -120.21875   0.02087170         2471   167439  35 0.0
39.09375 -120.96875   0.29379321          693    71634  36 0.0
39.09375 -120.90625   0.77765463          688    70068  37 0.0
39.09375 -120.84375   0.77765463          864    72574  38 0.0
39.09375 -120.78125   0.77765463         1092    80869  39 0.0
39.09375 -120.71875   0.77765463         1179    89571  40 0.0
39.09375 -120.65625   0.77765463         1177    97755  41 0.0
39.09375 -120.59375   0.77765463         1516   104018  42 0.0
39.09375 -120.53125   0.77765463         1638   116309  43 0.0
39.09375 -120.46875   0.77765463         1713   121313  44 0.0
39.09375 -120.40625   0.77765463         1751   128951  45 0.0
39.09375 -120.34375   0.77765463         1848   149872  46 0.0
39.09375 -120.28125   0.77660260         2150   158290  47 0.0
39.09375 -120.21875   0.11973837         2378   167040  48 0.0
39.03125 -121.03125   0.00006072          669    55224  49 0.0
39.03125 -120.96875   0.52695571          625    55000  50 0.0
39.03125 -120.90625   0.77834340          606    60039  51 0.0
39.03125 -120.84375   0.77834340          833    66587  52 0.0
39.03125 -120.78125   0.77834340          878    76439  53 0.0
39.03125 -120.71875   0.77834340          803    84710  54 0.0
39.03125 -120.65625   0.77834340         1006    93766  55 0.0
39.03125 -120.59375   0.77834340         1330   102081  56 0.0
39.03125 -120.53125   0.77834340         1413   111269  57 0.0
39.03125 -120.46875   0.77834340         1575   119015  58 0.0
39.03125 -120.40625   0.77834340         1737   128581  59 0.0
39.03125 -120.34375   0.77834340         2028   147331  60 0.0
39.03125 -120.28125   0.77834340         1978   157854  61 0.0
39.03125 -120.21875   0.62290178         2206   166899  62 0.0
38.96875 -121.03125   0.20818753          444    43159  63 0.0
38.96875 -120.96875   0.77903125          467    47442  64 0.0
38.96875 -120.90625   0.77903125          604    53207  65 0.0
38.96875 -120.84375   0.77903125          624    64311  66 0.0
38.96875 -120.78125   0.77903125          853    73013  67 0.0
38.96875 -120.71875   0.77903125          964    81216  68 0.0
38.96875 -120.65625   0.77903125          958    94847  69 0.0
38.96875 -120.59375   0.77903125         1236   102349  70 0.0
38.96875 -120.53125   0.77903125         1475   110351  71 0.0
38.96875 -120.46875   0.77903125         1464   118178  72 0.0
38.96875 -120.40625   0.77903125         1675   133963  73 0.0
38.96875 -120.34375   0.77903125         1858   140265  74 0.0
38.96875 -120.28125   0.77903125         2180   144580  75 0.0
38.96875 -120.21875   0.76651040         2245   152764  76 0.0
38.96875 -120.15625   0.33399257         2446   180006  77 0.0
38.90625 -121.09375   0.03980514          380    30616  78 0.0
38.90625 -121.03125   0.75080363          381    32214  79 0.0
38.90625 -120.96875   0.77971816          472    39452  80 0.0
38.90625 -120.90625   0.77971816          594    47908  81 0.0
38.90625 -120.84375   0.77971816          766    55715  82 0.0
38.90625 -120.78125   0.77971816          901    73429  83 0.0
38.90625 -120.71875   0.77971816         1071    82706  84 0.0
38.90625 -120.65625   0.77971816         1263    89391  85 0.0
38.90625 -120.59375   0.77971816         1263    98285  86 0.0
38.90625 -120.53125   0.77971816         1366   106508  87 0.0
38.90625 -120.46875   0.77971816         1621   116587  88 0.0
38.90625 -120.40625   0.77971816         1673   126990  89 0.0
38.90625 -120.34375   0.77971816         1756   132771  90 0.0
38.90625 -120.28125   0.77971816         2101   140757  91 0.0
38.90625 -120.21875   0.77971816         2457   150085  92 0.0
38.90625 -120.15625   0.38934361         2485   171757  93 0.0
38.84375 -121.09375   0.58477927          264    19239  94 0.0
38.84375 -121.03125   0.78040415          385    24093  95 0.0
38.84375 -120.96875   0.78040415          353    33968  96 0.0
38.84375 -120.90625   0.78040415          490    39662  97 0.0
38.84375 -120.84375   0.78040415          635    52097  98 0.0
38.84375 -120.78125   0.78040415          731    59150  99 0.0
38.84375 -120.71875   0.78040415          886    78075 100 0.0
38.84375 -120.65625   0.78040415         1115    86384 101 0.0
38.84375 -120.59375   0.78040415         1291    91753 102 0.0
38.84375 -120.53125   0.78040415         1326   102423 103 0.0
38.84375 -120.46875   0.78040415         1492   111605 104 0.0
38.84375 -120.40625   0.78040415         1599   124813 105 0.0
38.84375 -120.34375   0.78040415         1658   132502 106 0.0
38.84375 -120.28125   0.78040415         1963   141035 107 0.0
38.84375 -120.21875   0.78040415         2251   150813 108 0.0
38.84375 -120.15625   0.60408732         2504   151861 109 0.0
38.84375 -120.09375   0.32171482         2365   157741 110 0.0
38.84375 -120.03125   0.11083998         2265   166089 111 0.0
38.78125 -121.15625   0.11486206          147    10332 112 0.0
38.78125 -121.09375   0.73281795          219    11099 113 0.0
38.78125 -121.03125   0.78108921          310    17813 114 0.0
38.78125 -120.96875   0.78108921          330    27343 115 0.0
38.78125 -120.90625   0.78108921          384    38157 116 0.0
38.78125 -120.84375   0.78108921          504    46392 117 0.0
38.78125 -120.78125   0.78108921          604    59243 118 0.0
38.78125 -120.71875   0.78108921          772    70060 119 0.0
38.78125 -120.65625   0.78108921          888    82063 120 0.0
38.78125 -120.59375   0.78108921         1025    80691 121 0.0
38.78125 -120.53125   0.75783108         1205    86447 122 0.0
38.78125 -120.46875   0.77289071         1292   108453 123 0.0
38.78125 -120.40625   0.78108921         1406   117050 124 0.0
38.78125 -120.34375   0.78108921         1578   124898 125 0.0
38.78125 -120.28125   0.78108921         1730   132808 126 0.0
38.78125 -120.21875   0.78108921         1955   140656 127 0.0
38.78125 -120.15625   0.78108921         2055   148336 128 0.0
38.78125 -120.09375   0.78108921         2304   156469 129 0.0
38.78125 -120.03125   0.18880486         2566   164925 130 0.0
38.71875 -121.21875   0.00255370          103     1860 131 0.0
38.71875 -121.15625   0.59481272          124      856 132 0.0
38.71875 -121.09375   0.67891151          177     8420 133 0.0
38.71875 -121.03125   0.75468424          335    17567 134 0.0
38.71875 -120.96875   0.69136024          405    28909 135 0.0
38.71875 -120.90625   0.78177334          403    37087 136 0.0
38.71875 -120.84375   0.74880704          511    45421 137 0.0
38.71875 -120.78125   0.73843353          637    53768 138 0.0
38.71875 -120.71875   0.68621469          772    61293 139 0.0
38.71875 -120.65625   0.57420687          899    69989 140 0.0
38.71875 -120.59375   0.21043089         1076    78345 141 0.0
38.71875 -120.46875   0.03227741         1428   112643 142 0.0
38.71875 -120.40625   0.38768918         1490   119533 143 0.0
38.71875 -120.34375   0.68924247         1696   126410 144 0.0
38.71875 -120.28125   0.78177334         1825   134220 145 0.0
38.71875 -120.21875   0.78177334         1821   141334 146 0.0
38.71875 -120.15625   0.78177334         2123   149551 147 0.0
38.71875 -120.09375   0.78177334         2391   159639 148 0.0
38.71875 -120.03125   0.47856462         2551   164964 149 0.0
38.71875 -119.96875   0.03851022         2662   177029 150 0.0
38.65625 -121.21875   0.00015314           91     1821 151 0.0
38.65625 -121.15625   0.04338739           82        0 152 0.0
38.65625 -121.09375   0.05815174          262    15681 153 0.0
38.65625 -121.03125   0.05800688          369    24773 154 0.0
38.65625 -120.96875   0.08749908          457    42340 155 0.0
38.65625 -120.90625   0.21342248          449    44076 156 0.0
38.65625 -120.84375   0.21166563          518    48952 157 0.0
38.65625 -120.78125   0.04843543          656    59230 158 0.0
38.65625 -120.71875   0.02214215          707    62770 159 0.0
38.65625 -120.34375   0.01788440         1867   138653 160 0.0
38.65625 -120.28125   0.26579823         1951   138599 161 0.0
38.65625 -120.21875   0.68834094         2049   145598 162 0.0
38.65625 -120.15625   0.68262015         2186   151654 163 0.0
38.65625 -120.09375   0.76687474         2472   159378 164 0.0
38.65625 -120.03125   0.41637324         2670   169298 165 0.0
38.65625 -119.96875   0.07296890         2757   177182 166 0.0
38.59375 -120.15625   0.01778181         2462   166393 167 0.0
38.59375 -120.09375   0.02952989         2474   166655 168 0.0
