42.40625 -120.59375   0.00115818         1903   495872   1 0.0
42.40625 -120.53125   0.02458540         2076   484784   2 0.0
42.40625 -120.46875   0.12941600         1973   482402   3 0.0
42.40625 -120.40625   0.09435589         1754   481021   4 0.0
42.40625 -120.34375   0.01336895         1805   482741   5 0.0
42.34375 -120.84375   0.00804199         1704   494498   6 0.0
42.34375 -120.78125   0.09104039         1747   491490   7 0.0
42.34375 -120.71875   0.08693297         1857   491381   8 0.0
42.34375 -120.65625   0.11887650         1997   485572   9 0.0
42.34375 -120.59375   0.16349992         1831   480994  10 0.0
42.34375 -120.53125   0.17295393         1912   479161  11 0.0
42.34375 -120.46875   0.18476827         1841   474130  12 0.0
42.34375 -120.40625   0.18476827         1631   471585  13 0.0
42.34375 -120.34375   0.13336088         1597   473296  14 0.0
42.28125 -120.84375   0.03727818         1783   492848  15 0.0
42.28125 -120.78125   0.17340504         1710   483025  16 0.0
42.28125 -120.71875   0.18495184         1708   479228  17 0.0
42.28125 -120.65625   0.18495184         2039   478710  18 0.0
42.28125 -120.59375   0.18495184         1861   471642  19 0.0
42.28125 -120.53125   0.18495184         1673   467553  20 0.0
42.28125 -120.46875   0.18495184         1581   464985  21 0.0
42.28125 -120.40625   0.18495184         1487   463048  22 0.0
42.28125 -120.34375   0.18305047         1551   465110  23 0.0
42.28125 -120.28125   0.02826426         1733   473152  24 0.0
42.21875 -120.84375   0.01774441         1817   489076  25 0.0
42.21875 -120.78125   0.18158469         1681   480618  26 0.0
42.21875 -120.71875   0.18513519         1540   469914  27 0.0
42.21875 -120.65625   0.18513519         1746   468922  28 0.0
42.21875 -120.59375   0.18513519         1788   461411  29 0.0
42.21875 -120.53125   0.18513519         1586   458092  30 0.0
42.21875 -120.46875   0.18513519         1503   457760  31 0.0
42.21875 -120.40625   0.18513519         1455   453651  32 0.0
42.21875 -120.34375   0.18513519         1634   454419  33 0.0
42.21875 -120.28125   0.06565631         1838   460243  34 0.0
42.15625 -120.84375   0.03640237         1826   489645  35 0.0
42.15625 -120.78125   0.18531832         1602   482261  36 0.0
42.15625 -120.71875   0.18531832         1620   467963  37 0.0
42.15625 -120.65625   0.18531832         1525   459937  38 0.0
42.15625 -120.59375   0.18531832         1610   452876  39 0.0
42.15625 -120.53125   0.18531832         1485   448440  40 0.0
42.15625 -120.46875   0.18531832         1463   444396  41 0.0
42.15625 -120.40625   0.18531832         1441   444588  42 0.0
42.15625 -120.34375   0.18531832         1511   447314  43 0.0
42.15625 -120.28125   0.14166304         1887   453852  44 0.0
42.15625 -120.21875   0.00575318         2010   462118  45 0.0
42.09375 -120.90625   0.06828599         1692   504310  46 0.0
42.09375 -120.84375   0.12718764         1685   496207  47 0.0
42.09375 -120.78125   0.16320831         1700   480151  48 0.0
42.09375 -120.71875   0.18550123         1710   464882  49 0.0
42.09375 -120.65625   0.18550123         1738   459675  50 0.0
42.09375 -120.59375   0.18550123         1722   446771  51 0.0
42.09375 -120.53125   0.18550123         1473   439689  52 0.0
42.09375 -120.46875   0.18550123         1441   437178  53 0.0
42.09375 -120.40625   0.18550123         1435   437485  54 0.0
42.09375 -120.34375   0.18550123         1446   440364  55 0.0
42.09375 -120.28125   0.18550123         1817   443460  56 0.0
42.09375 -120.21875   0.03162399         2132   452345  57 0.0
42.03125 -120.90625   0.00995071         1693   506170  58 0.0
42.03125 -120.84375   0.02499373         1721   498989  59 0.0
42.03125 -120.78125   0.00490241         1770   481471  60 0.0
42.03125 -120.71875   0.07489097         1759   461033  61 0.0
42.03125 -120.65625   0.18568391         1646   453222  62 0.0
42.03125 -120.59375   0.18568391         1663   445109  63 0.0
42.03125 -120.53125   0.18568391         1465   432957  64 0.0
42.03125 -120.46875   0.18568391         1435   430229  65 0.0
42.03125 -120.40625   0.18568391         1434   430536  66 0.0
42.03125 -120.34375   0.18568391         1436   433415  67 0.0
42.03125 -120.28125   0.18568391         1744   437677  68 0.0
42.03125 -120.21875   0.07702469         2124   445787  69 0.0
41.96875 -120.71875   0.00605799         1798   461695  70 0.0
41.96875 -120.65625   0.05322681         1675   453768  71 0.0
41.96875 -120.59375   0.11511817         1642   431093  72 0.0
41.96875 -120.53125   0.18586638         1656   425736  73 0.0
41.96875 -120.46875   0.18586638         1434   423279  74 0.0
41.96875 -120.40625   0.18586638         1434   423587  75 0.0
41.96875 -120.34375   0.18586638         1438   426466  76 0.0
41.96875 -120.28125   0.18586638         1721   432123  77 0.0
41.96875 -120.21875   0.12700241         2107   441570  78 0.0
41.90625 -120.59375   0.02215317         1646   424433  79 0.0
41.90625 -120.53125   0.18604863         1554   418787  80 0.0
41.90625 -120.46875   0.18604863         1434   416330  81 0.0
41.90625 -120.40625   0.18604863         1434   416637  82 0.0
41.90625 -120.34375   0.18604863         1462   419516  83 0.0
41.90625 -120.28125   0.17723954         1871   430695  84 0.0
41.90625 -120.21875   0.00844369         2300   440646  85 0.0
41.84375 -120.59375   0.05567658         1596   418754  86 0.0
41.84375 -120.53125   0.18512996         1546   412023  87 0.0
41.84375 -120.46875   0.18623065         1443   409381  88 0.0
41.84375 -120.40625   0.18623065         1434   409688  89 0.0
41.84375 -120.34375   0.18623065         1588   412567  90 0.0
41.84375 -120.28125   0.18623065         1673   430184  91 0.0
41.84375 -120.21875   0.09299760         1868   440445  92 0.0
41.78125 -120.65625   0.00382101         1535   392907  93 0.0
41.78125 -120.59375   0.00011242         1544   394728  94 0.0
41.78125 -120.53125   0.15470016         1536   406137  95 0.0
41.78125 -120.46875   0.18641245         1437   402355  96 0.0
41.78125 -120.40625   0.18641245         1437   402739  97 0.0
41.78125 -120.34375   0.18641245         1709   409259  98 0.0
41.78125 -120.28125   0.18641245         1855   417146  99 0.0
41.78125 -120.21875   0.10447483         1805   443382 100 0.0
41.71875 -120.78125   0.03352979         1542   355000 101 0.0
41.71875 -120.71875   0.14636689         1558   356783 102 0.0
41.71875 -120.65625   0.18414130         1523   383482 103 0.0
41.71875 -120.59375   0.16852725         1546   382018 104 0.0
41.71875 -120.53125   0.18501865         1538   380983 105 0.0
41.71875 -120.46875   0.18659403         1453   393606 106 0.0
41.71875 -120.40625   0.18659403         1450   394091 107 0.0
41.71875 -120.34375   0.18659403         1646   396462 108 0.0
41.71875 -120.28125   0.16132313         2129   404649 109 0.0
41.71875 -120.21875   0.01052835         2079   445703 110 0.0
41.65625 -120.84375   0.01144343         1510   350008 111 0.0
41.65625 -120.78125   0.18487812         1509   346375 112 0.0
41.65625 -120.71875   0.18677539         1533   351683 113 0.0
41.65625 -120.65625   0.18677539         1506   373217 114 0.0
41.65625 -120.59375   0.18677539         1516   371287 115 0.0
41.65625 -120.53125   0.18677539         1524   372221 116 0.0
41.65625 -120.46875   0.18677539         1524   373841 117 0.0
41.65625 -120.40625   0.18677539         1460   384319 118 0.0
41.65625 -120.34375   0.18677539         1754   389381 119 0.0
41.65625 -120.28125   0.07412796         2161   396449 120 0.0
41.59375 -121.71875   0.02553337         2001   280695 121 0.0
41.59375 -121.65625   0.07013587         2093   272771 122 0.0
41.59375 -121.59375   0.16845740         2127   264214 123 0.0
41.59375 -121.53125   0.11393581         2170   264083 124 0.0
41.59375 -121.46875   0.00032853         2110   273812 125 0.0
41.59375 -121.03125   0.03306364         1526   314375 126 0.0
41.59375 -120.96875   0.10749640         1558   315101 127 0.0
41.59375 -120.90625   0.02778287         1540   332615 128 0.0
41.59375 -120.84375   0.06972979         1507   336423 129 0.0
41.59375 -120.78125   0.18695653         1514   335976 130 0.0
41.59375 -120.71875   0.18695653         1543   338968 131 0.0
41.59375 -120.65625   0.18695653         1500   366852 132 0.0
41.59375 -120.59375   0.18695653         1500   359987 133 0.0
41.59375 -120.53125   0.18695653         1499   360026 134 0.0
41.59375 -120.46875   0.18695653         1509   365123 135 0.0
41.59375 -120.40625   0.18695653         1476   376196 136 0.0
41.59375 -120.34375   0.18695653         1718   385300 137 0.0
41.59375 -120.28125   0.13154220         2101   395922 138 0.0
41.53125 -122.15625   0.00641334         2173   168677 139 0.0
41.53125 -122.09375   0.00049744         2181   166347 140 0.0
41.53125 -121.90625   0.00997197         1865   157786 141 0.0
41.53125 -121.84375   0.07405651         1786   157748 142 0.0
41.53125 -121.78125   0.14329073         1839   270974 143 0.0
41.53125 -121.71875   0.18319689         1801   262702 144 0.0
41.53125 -121.65625   0.18713744         1830   260858 145 0.0
41.53125 -121.59375   0.18713744         1919   254247 146 0.0
41.53125 -121.53125   0.18713744         1852   254269 147 0.0
41.53125 -121.46875   0.04857503         1839   264947 148 0.0
41.53125 -121.09375   0.07018649         1472   306738 149 0.0
41.53125 -121.03125   0.16629615         1500   304587 150 0.0
41.53125 -120.96875   0.18713744         1531   305744 151 0.0
41.53125 -120.90625   0.13325368         1475   318219 152 0.0
41.53125 -120.84375   0.17101026         1489   317995 153 0.0
41.53125 -120.78125   0.18713744         1458   327489 154 0.0
41.53125 -120.71875   0.18713744         1519   329572 155 0.0
41.53125 -120.65625   0.18713744         1520   339449 156 0.0
41.53125 -120.59375   0.18713744         1466   347227 157 0.0
41.53125 -120.53125   0.18713744         1399   354085 158 0.0
41.53125 -120.46875   0.18713744         1393   363713 159 0.0
41.53125 -120.40625   0.18713744         1473   372389 160 0.0
41.53125 -120.34375   0.18713744         1759   381775 161 0.0
41.53125 -120.28125   0.09382011         2038   395807 162 0.0
41.46875 -122.15625   0.11804709         2119   160659 163 0.0
41.46875 -122.09375   0.17159823         1890   154740 164 0.0
41.46875 -122.03125   0.07418724         2004   148029 165 0.0
41.46875 -121.96875   0.09161640         1940   143222 166 0.0
41.46875 -121.90625   0.14385774         1699   144063 167 0.0
41.46875 -121.84375   0.18731813         1591   149186 168 0.0
41.46875 -121.78125   0.18731813         1577   154328 169 0.0
41.46875 -121.71875   0.18731813         1533   253227 170 0.0
41.46875 -121.65625   0.18731813         1541   248648 171 0.0
41.46875 -121.59375   0.18731813         1570   245513 172 0.0
41.46875 -121.53125   0.18731813         1560   246121 173 0.0
41.46875 -121.46875   0.07283043         1524   255622 174 0.0
41.46875 -121.34375   0.00458625         1362   287447 175 0.0
41.46875 -121.21875   0.00036738         1408   286794 176 0.0
41.46875 -121.15625   0.02528007         1463   287165 177 0.0
41.46875 -121.09375   0.17516852         1488   300630 178 0.0
41.46875 -121.03125   0.18731813         1463   294373 179 0.0
41.46875 -120.96875   0.18731813         1512   294782 180 0.0
41.46875 -120.90625   0.18731813         1395   307405 181 0.0
41.46875 -120.84375   0.18731813         1367   309009 182 0.0
41.46875 -120.78125   0.18731813         1340   316649 183 0.0
41.46875 -120.71875   0.18731813         1350   324213 184 0.0
41.46875 -120.65625   0.18731813         1354   332438 185 0.0
41.46875 -120.59375   0.18731813         1347   341149 186 0.0
41.46875 -120.53125   0.18731813         1333   353925 187 0.0
41.46875 -120.46875   0.18731813         1361   362688 188 0.0
41.46875 -120.40625   0.18731813         1476   371197 189 0.0
41.46875 -120.34375   0.18731813         1735   382152 190 0.0
41.46875 -120.28125   0.17685770         1935   391279 191 0.0
41.46875 -120.21875   0.01434833         2100   399597 192 0.0
41.40625 -122.40625   0.00801852         1200   119033 193 0.0
41.40625 -122.34375   0.00435231         1304   116193 194 0.0
41.40625 -122.28125   0.05426209         2017   116378 195 0.0
41.40625 -122.21875   0.10360280         3132   111060 196 0.0
41.40625 -122.15625   0.18717399         2652   113937 197 0.0
41.40625 -122.09375   0.18749860         1847   122786 198 0.0
41.40625 -122.03125   0.18749860         1555   124265 199 0.0
41.40625 -121.96875   0.18749860         1458   134543 200 0.0
41.40625 -121.90625   0.18749860         1457   134504 201 0.0
41.40625 -121.84375   0.18749860         1592   142861 202 0.0
41.40625 -121.78125   0.18749860         1467   153852 203 0.0
41.40625 -121.71875   0.18749860         1422   240672 204 0.0
41.40625 -121.65625   0.18749860         1352   239292 205 0.0
41.40625 -121.59375   0.18749860         1333   237396 206 0.0
41.40625 -121.53125   0.18749860         1374   237636 207 0.0
41.40625 -121.46875   0.17159147         1368   241682 208 0.0
41.40625 -121.40625   0.14927476         1352   249268 209 0.0
41.40625 -121.34375   0.17368467         1347   277294 210 0.0
41.40625 -121.28125   0.13757048         1346   273657 211 0.0
41.40625 -121.21875   0.14844014         1382   270884 212 0.0
41.40625 -121.15625   0.18371199         1474   271053 213 0.0
41.40625 -121.09375   0.18211738         1560   274947 214 0.0
41.40625 -121.03125   0.18749860         1430   279795 215 0.0
41.40625 -120.96875   0.18749860         1418   288196 216 0.0
41.40625 -120.90625   0.18749860         1396   300332 217 0.0
41.40625 -120.84375   0.18749860         1431   307934 218 0.0
41.40625 -120.78125   0.18749860         1384   316304 219 0.0
41.40625 -120.71875   0.18749860         1325   323790 220 0.0
41.40625 -120.65625   0.18749860         1382   331907 221 0.0
41.40625 -120.59375   0.18749860         1394   340941 222 0.0
41.40625 -120.53125   0.18749860         1352   359079 223 0.0
41.40625 -120.46875   0.18749860         1407   364516 224 0.0
41.40625 -120.40625   0.18749860         1555   371236 225 0.0
41.40625 -120.34375   0.18749860         1741   378876 226 0.0
41.40625 -120.28125   0.18749860         2076   387772 227 0.0
41.40625 -120.21875   0.07404933         2401   396090 228 0.0
41.34375 -122.46875   0.03910381         2298   117103 229 0.0
41.34375 -122.40625   0.14615241         1428   110654 230 0.0
41.34375 -122.34375   0.18191040         1212   106889 231 0.0
41.34375 -122.28125   0.18767884         1524   103269 232 0.0
41.34375 -122.21875   0.18767884         2052   103535 233 0.0
41.34375 -122.15625   0.18767884         1948   101633 234 0.0
41.34375 -122.09375   0.18767884         1550   102812 235 0.0
41.34375 -122.03125   0.18767884         1303   113540 236 0.0
41.34375 -121.96875   0.18767884         1226   117282 237 0.0
41.34375 -121.90625   0.18767884         1405   124159 238 0.0
41.34375 -121.84375   0.18767884         1594   129436 239 0.0
41.34375 -121.78125   0.18767884         1450   139020 240 0.0
41.34375 -121.71875   0.18767884         1398   237288 241 0.0
41.34375 -121.65625   0.18767884         1315   229951 242 0.0
41.34375 -121.59375   0.18767884         1209   228394 243 0.0
41.34375 -121.53125   0.18767884         1329   227893 244 0.0
41.34375 -121.46875   0.18767884         1351   240295 245 0.0
41.34375 -121.40625   0.18767884         1347   249038 246 0.0
41.34375 -121.34375   0.18767884         1331   260191 247 0.0
41.34375 -121.28125   0.18767884         1305   264227 248 0.0
41.34375 -121.21875   0.18767884         1339   261805 249 0.0
41.34375 -121.15625   0.18767884         1355   264424 250 0.0
41.34375 -121.09375   0.18767884         1443   264910 251 0.0
41.34375 -121.03125   0.18767884         1490   271212 252 0.0
41.34375 -120.96875   0.18767884         1516   286390 253 0.0
41.34375 -120.90625   0.18767884         1623   283959 254 0.0
41.34375 -120.84375   0.18767884         1795   284406 255 0.0
41.34375 -120.78125   0.18767884         1624   323460 256 0.0
41.34375 -120.71875   0.18767884         1486   329306 257 0.0
41.34375 -120.65625   0.18767884         1456   337931 258 0.0
41.34375 -120.59375   0.18767884         1446   344751 259 0.0
41.34375 -120.53125   0.18767884         1347   367311 260 0.0
41.34375 -120.46875   0.18767884         1423   369849 261 0.0
41.34375 -120.40625   0.18767884         1581   384288 262 0.0
41.34375 -120.34375   0.18767884         1780   386016 263 0.0
41.34375 -120.28125   0.18767884         2129   389329 264 0.0
41.34375 -120.21875   0.12649685         2478   397893 265 0.0
41.28125 -122.53125   0.02539435         2162   123951 266 0.0
41.28125 -122.46875   0.18721332         1952   115994 267 0.0
41.28125 -122.40625   0.18785886         1416   107800 268 0.0
41.28125 -122.34375   0.18785886         1120    98903 269 0.0
41.28125 -122.28125   0.18785886         1128    92407 270 0.0
41.28125 -122.21875   0.18785886         1421    94397 271 0.0
41.28125 -122.15625   0.18785886         1239    93238 272 0.0
41.28125 -122.09375   0.18785886         1123    94657 273 0.0
41.28125 -122.03125   0.18785886         1103   103489 274 0.0
41.28125 -121.96875   0.18785886         1140   108612 275 0.0
41.28125 -121.90625   0.18785886         1195   117422 276 0.0
41.28125 -121.84375   0.18785886         1255   126975 277 0.0
41.28125 -121.78125   0.18785886         1375   135447 278 0.0
41.28125 -121.71875   0.18785886         1421   230123 279 0.0
41.28125 -121.65625   0.18785886         1279   221974 280 0.0
41.28125 -121.59375   0.18785886         1180   218849 281 0.0
41.28125 -121.53125   0.18785886         1259   211613 282 0.0
41.28125 -121.46875   0.18785886         1392   205573 283 0.0
41.28125 -121.40625   0.18785886         1404   202703 284 0.0
41.28125 -121.34375   0.18785886         1394   258772 285 0.0
41.28125 -121.28125   0.18785886         1324   259527 286 0.0
41.28125 -121.21875   0.18785886         1295   253519 287 0.0
41.28125 -121.15625   0.18785886         1309   254122 288 0.0
41.28125 -121.09375   0.18785886         1388   255860 289 0.0
41.28125 -121.03125   0.18785886         1629   257823 290 0.0
41.28125 -120.96875   0.18785886         1543   274755 291 0.0
41.28125 -120.90625   0.18785886         1444   274215 292 0.0
41.28125 -120.84375   0.18785886         1770   277616 293 0.0
41.28125 -120.78125   0.18785886         1878   285631 294 0.0
41.28125 -120.71875   0.18785886         1662   344041 295 0.0
41.28125 -120.65625   0.18785886         1603   347537 296 0.0
41.28125 -120.59375   0.18785886         1515   350937 297 0.0
41.28125 -120.53125   0.18785886         1342   375798 298 0.0
41.28125 -120.46875   0.18785886         1438   379934 299 0.0
41.28125 -120.40625   0.18785886         1584   387379 300 0.0
41.28125 -120.34375   0.18785887         1756   395304 301 0.0
41.28125 -120.28125   0.18785887         1899   408482 302 0.0
41.28125 -120.21875   0.16425381         2351   422137 303 0.0
41.28125 -120.15625   0.00293046         2587   430021 304 0.0
41.21875 -122.53125   0.03741084         1954   124728 305 0.0
41.21875 -122.46875   0.18666041         1800    92486 306 0.0
41.21875 -122.40625   0.18803866         1688    85248 307 0.0
41.21875 -122.34375   0.18803866         1450    84324 308 0.0
41.21875 -122.28125   0.18803866         1017    82148 309 0.0
41.21875 -122.21875   0.18803866         1113    85967 310 0.0
41.21875 -122.15625   0.18803866         1009    83881 311 0.0
41.21875 -122.09375   0.18803866          968    85006 312 0.0
41.21875 -122.03125   0.18803866         1047    93390 313 0.0
41.21875 -121.96875   0.18803866         1266   101900 314 0.0
41.21875 -121.90625   0.18803866         1367   109649 315 0.0
41.21875 -121.84375   0.18803866         1366   127499 316 0.0
41.21875 -121.78125   0.18803866         1362   135408 317 0.0
41.21875 -121.71875   0.18803866         1314   227205 318 0.0
41.21875 -121.65625   0.18803866         1234   217871 319 0.0
41.21875 -121.59375   0.18803866         1149   209044 320 0.0
41.21875 -121.53125   0.18803866         1122   199857 321 0.0
41.21875 -121.46875   0.18803866         1108   199354 322 0.0
41.21875 -121.40625   0.18803866         1129   193483 323 0.0
41.21875 -121.34375   0.18803866         1442   193854 324 0.0
41.21875 -121.28125   0.18803866         1444   259504 325 0.0
41.21875 -121.21875   0.18803866         1319   245165 326 0.0
41.21875 -121.15625   0.18803866         1270   243385 327 0.0
41.21875 -121.09375   0.18803866         1275   243755 328 0.0
41.21875 -121.03125   0.18803866         1334   251585 329 0.0
41.21875 -120.96875   0.18803866         1364   258854 330 0.0
41.21875 -120.90625   0.18803866         1335   267079 331 0.0
41.21875 -120.84375   0.18803866         1533   276414 332 0.0
41.21875 -120.78125   0.18803866         1924   284415 333 0.0
41.21875 -120.71875   0.18803866         1876   307745 334 0.0
41.21875 -120.65625   0.18803866         1763   392330 335 0.0
41.21875 -120.59375   0.18803866         1641   384523 336 0.0
41.21875 -120.53125   0.18803866         1391   384554 337 0.0
41.21875 -120.46875   0.18803866         1430   389159 338 0.0
41.21875 -120.40625   0.18803866         1497   397238 339 0.0
41.21875 -120.34375   0.18803866         1622   405431 340 0.0
41.21875 -120.28125   0.18803866         1781   412995 341 0.0
41.21875 -120.21875   0.18803866         2096   421188 342 0.0
41.21875 -120.15625   0.12450199         2368   428943 343 0.0
41.15625 -122.46875   0.07033213         1761    89702 344 0.0
41.15625 -122.40625   0.18821824         1344    72024 345 0.0
41.15625 -122.34375   0.18821824         1019    70682 346 0.0
41.15625 -122.28125   0.18821824          922    73421 347 0.0
41.15625 -122.21875   0.18821824         1197    71145 348 0.0
41.15625 -122.15625   0.18821824          970    70976 349 0.0
41.15625 -122.09375   0.18821824          999    78105 350 0.0
41.15625 -122.03125   0.18821824         1265    83269 351 0.0
41.15625 -121.96875   0.18821824         1512    90498 352 0.0
41.15625 -121.90625   0.18821824         1354   103460 353 0.0
41.15625 -121.84375   0.18821824         1363   107218 354 0.0
41.15625 -121.78125   0.18821824         1454   115275 355 0.0
41.15625 -121.71875   0.18821824         1448   147808 356 0.0
41.15625 -121.65625   0.18821824         1299   149799 357 0.0
41.15625 -121.59375   0.18821824         1141   199245 358 0.0
41.15625 -121.53125   0.18821824         1053   190406 359 0.0
41.15625 -121.46875   0.18821824         1089   185318 360 0.0
41.15625 -121.40625   0.18821824         1056   183288 361 0.0
41.15625 -121.34375   0.18821824         1262   185276 362 0.0
41.15625 -121.28125   0.18821824         1644   192218 363 0.0
41.15625 -121.21875   0.18821824         1378   201546 364 0.0
41.15625 -121.15625   0.18821824         1262   233024 365 0.0
41.15625 -121.09375   0.18821824         1263   233255 366 0.0
41.15625 -121.03125   0.18821824         1276   238187 367 0.0
41.15625 -120.96875   0.18821824         1299   258912 368 0.0
41.15625 -120.90625   0.18821824         1373   267811 369 0.0
41.15625 -120.84375   0.18821824         1542   276660 370 0.0
41.15625 -120.78125   0.18821824         1734   287737 371 0.0
41.15625 -120.71875   0.18821824         1781   298011 372 0.0
41.15625 -120.65625   0.18821824         1813   308586 373 0.0
41.15625 -120.59375   0.18821824         1850   322094 374 0.0
41.15625 -120.53125   0.18821824         1725   393950 375 0.0
41.15625 -120.46875   0.18821824         1779   395733 376 0.0
41.15625 -120.40625   0.18821824         1611   402376 377 0.0
41.15625 -120.34375   0.18821824         1719   407419 378 0.0
41.15625 -120.28125   0.18821824         1981   416648 379 0.0
41.15625 -120.21875   0.18821824         2217   425982 380 0.0
41.15625 -120.15625   0.09381504         2374   434181 381 0.0
41.09375 -122.53125   0.03601109         1695    62996 382 0.0
41.09375 -122.46875   0.11410244         1744    63198 383 0.0
41.09375 -122.40625   0.18839759         1282    60082 384 0.0
41.09375 -122.34375   0.18839759          817    60638 385 0.0
41.09375 -122.28125   0.18839759         1072    67134 386 0.0
41.09375 -122.21875   0.18839759          917    62050 387 0.0
41.09375 -122.15625   0.18839759          969    63108 388 0.0
41.09375 -122.09375   0.18839759         1092    71008 389 0.0
41.09375 -122.03125   0.18839759         1151    76444 390 0.0
41.09375 -121.96875   0.18839759         1110    90290 391 0.0
41.09375 -121.90625   0.18839759          915    94720 392 0.0
41.09375 -121.84375   0.18839759         1227   101309 393 0.0
41.09375 -121.78125   0.18839759         1510   107643 394 0.0
41.09375 -121.71875   0.18839759         1355   132896 395 0.0
41.09375 -121.65625   0.18839759         1157   138189 396 0.0
41.09375 -121.59375   0.18839759         1162   140256 397 0.0
41.09375 -121.53125   0.18839759         1048   153982 398 0.0
41.09375 -121.46875   0.18839759         1012   179751 399 0.0
41.09375 -121.40625   0.18839759         1011   176146 400 0.0
41.09375 -121.34375   0.18839759         1031   178862 401 0.0
41.09375 -121.28125   0.18839759         1247   190495 402 0.0
41.09375 -121.21875   0.18839759         1384   196347 403 0.0
41.09375 -121.15625   0.18839759         1261   224738 404 0.0
41.09375 -121.09375   0.18839759         1272   225583 405 0.0
41.09375 -121.03125   0.18839759         1387   236627 406 0.0
41.09375 -120.96875   0.18839759         1493   244245 407 0.0
41.09375 -120.90625   0.18839759         1445   274938 408 0.0
41.09375 -120.84375   0.18839759         1590   280118 409 0.0
41.09375 -120.78125   0.18839759         1628   288359 410 0.0
41.09375 -120.71875   0.18839759         1591   297672 411 0.0
41.09375 -120.65625   0.18839759         1701   307160 412 0.0
41.09375 -120.59375   0.17797563         1808   316271 413 0.0
41.09375 -120.53125   0.12446850         1884   404064 414 0.0
41.09375 -120.46875   0.10570322         1781   404064 415 0.0
41.09375 -120.40625   0.18289103         1716   415073 416 0.0
41.09375 -120.34375   0.18839759         1772   414795 417 0.0
41.09375 -120.28125   0.18839759         1929   425998 418 0.0
41.09375 -120.21875   0.16263352         2093   435713 419 0.0
41.09375 -120.15625   0.01813242         2410   445137 420 0.0
41.03125 -122.53125   0.08563863         1328    53748 421 0.0
41.03125 -122.46875   0.18857671         1383    48037 422 0.0
41.03125 -122.40625   0.18857671          730    47999 423 0.0
41.03125 -122.34375   0.18857671          777    53604 424 0.0
41.03125 -122.28125   0.18857671         1149    56358 425 0.0
41.03125 -122.21875   0.18857671          852    52169 426 0.0
41.03125 -122.15625   0.18857671          922    52038 427 0.0
41.03125 -122.09375   0.18857671         1127    60075 428 0.0
41.03125 -122.03125   0.18857671          899    67464 429 0.0
41.03125 -121.96875   0.18857671          752    84660 430 0.0
41.03125 -121.90625   0.18857671          669    88888 431 0.0
41.03125 -121.84375   0.18857671         1092    98200 432 0.0
41.03125 -121.78125   0.18857671         1350   106828 433 0.0
41.03125 -121.71875   0.18857671         1070   119950 434 0.0
41.03125 -121.65625   0.18857671          937   128243 435 0.0
41.03125 -121.59375   0.18857671          993   138243 436 0.0
41.03125 -121.53125   0.18857671         1089   146229 437 0.0
41.03125 -121.46875   0.18857671         1053   155641 438 0.0
41.03125 -121.40625   0.18857671         1010   166877 439 0.0
41.03125 -121.34375   0.18857671         1016   175977 440 0.0
41.03125 -121.28125   0.18857671         1088   183349 441 0.0
41.03125 -121.21875   0.18857671         1350   191812 442 0.0
41.03125 -121.15625   0.18857671         1329   216135 443 0.0
41.03125 -121.09375   0.18857671         1379   224383 444 0.0
41.03125 -121.03125   0.18857671         1542   233322 445 0.0
41.03125 -120.96875   0.18857671         1664   245686 446 0.0
41.03125 -120.90625   0.18857671         1635   253024 447 0.0
41.03125 -120.84375   0.18857671         1642   285452 448 0.0
41.03125 -120.78125   0.18857671         1790   292398 449 0.0
41.03125 -120.71875   0.18857671         1709   305147 450 0.0
41.03125 -120.65625   0.18857671         1654   311040 451 0.0
41.03125 -120.59375   0.12642151         1780   317651 452 0.0
41.03125 -120.40625   0.04425464         1868   423951 453 0.0
41.03125 -120.34375   0.10472130         1851   423698 454 0.0
41.03125 -120.28125   0.07094599         1921   428590 455 0.0
41.03125 -120.21875   0.05383283         1909   436112 456 0.0
40.96875 -122.53125   0.10944088         1174    47650 457 0.0
40.96875 -122.46875   0.18875561          749    39386 458 0.0
40.96875 -122.40625   0.18875561          624    34017 459 0.0
40.96875 -122.34375   0.18875561          759    34001 460 0.0
40.96875 -122.28125   0.18875561          949    39315 461 0.0
40.96875 -122.21875   0.18875561          713    39239 462 0.0
40.96875 -122.15625   0.18875561          816    41284 463 0.0
40.96875 -122.09375   0.18875561          781    56640 464 0.0
40.96875 -122.03125   0.18875561          826    61479 465 0.0
40.96875 -121.96875   0.18875561          769    75807 466 0.0
40.96875 -121.90625   0.18875561          903    76699 467 0.0
40.96875 -121.84375   0.18875561         1065    82493 468 0.0
40.96875 -121.78125   0.18875561         1099   109698 469 0.0
40.96875 -121.71875   0.18875561         1023   119857 470 0.0
40.96875 -121.65625   0.18875562         1016   128560 471 0.0
40.96875 -121.59375   0.18875562          937   139962 472 0.0
40.96875 -121.53125   0.18875562          946   146268 473 0.0
40.96875 -121.46875   0.18875562         1070   154369 474 0.0
40.96875 -121.40625   0.18875562         1077   164717 475 0.0
40.96875 -121.34375   0.18875562         1102   175596 476 0.0
40.96875 -121.28125   0.18875562         1108   186708 477 0.0
40.96875 -121.21875   0.18875562         1225   195359 478 0.0
40.96875 -121.15625   0.18875562         1396   204177 479 0.0
40.96875 -121.09375   0.18875562         1689   217231 480 0.0
40.96875 -121.03125   0.18875562         1725   233481 481 0.0
40.96875 -120.96875   0.18875562         1683   240384 482 0.0
40.96875 -120.90625   0.18875562         1726   245874 483 0.0
40.96875 -120.84375   0.18685676         1803   254407 484 0.0
40.96875 -120.78125   0.13165164         1781   296953 485 0.0
40.96875 -120.71875   0.11266825         1865   305239 486 0.0
40.96875 -120.65625   0.10596236         1807   319981 487 0.0
40.96875 -120.59375   0.01517734         1878   322295 488 0.0
40.90625 -122.53125   0.09295393          989    24636 489 0.0
40.90625 -122.46875   0.18893429          804    24597 490 0.0
40.90625 -122.40625   0.18893429          513    24244 491 0.0
40.90625 -122.34375   0.18893429          621    26698 492 0.0
40.90625 -122.28125   0.18893429          706    29277 493 0.0
40.90625 -122.21875   0.18893429          618    29622 494 0.0
40.90625 -122.15625   0.18893429          751    36263 495 0.0
40.90625 -122.09375   0.18893429          645    46142 496 0.0
40.90625 -122.03125   0.18893429          787    57026 497 0.0
40.90625 -121.96875   0.18893429          689    62264 498 0.0
40.90625 -121.90625   0.18893429          917    68716 499 0.0
40.90625 -121.84375   0.18893429         1378    76564 500 0.0
40.90625 -121.78125   0.18893429         1326    86215 501 0.0
40.90625 -121.71875   0.18893429         1050   155519 502 0.0
40.90625 -121.65625   0.18893429          973   148875 503 0.0
40.90625 -121.59375   0.18893429          983   148735 504 0.0
40.90625 -121.53125   0.18893429          998   153462 505 0.0
40.90625 -121.46875   0.18893429         1113   157227 506 0.0
40.90625 -121.40625   0.18893429         1190   170265 507 0.0
40.90625 -121.34375   0.18893429         1268   177638 508 0.0
40.90625 -121.28125   0.18893429         1316   195174 509 0.0
40.90625 -121.21875   0.18893429         1342   200073 510 0.0
40.90625 -121.15625   0.18893429         1369   206484 511 0.0
40.90625 -121.09375   0.18893429         1511   217439 512 0.0
40.90625 -121.03125   0.18893429         1436   225470 513 0.0
40.90625 -120.96875   0.18893429         1522   234373 514 0.0
40.90625 -120.90625   0.18893429         1688   243468 515 0.0
40.90625 -120.84375   0.13170025         1791   253080 516 0.0
40.84375 -122.53125   0.11678590          987    20535 517 0.0
40.84375 -122.46875   0.18911274          629    12316 518 0.0
40.84375 -122.40625   0.18911274          444    11993 519 0.0
40.84375 -122.34375   0.18911274          447    13099 520 0.0
40.84375 -122.28125   0.18911274          459    20177 521 0.0
40.84375 -122.21875   0.18911274          697    25483 522 0.0
40.84375 -122.15625   0.18911274          616    32241 523 0.0
40.84375 -122.09375   0.18911274          602    40195 524 0.0
40.84375 -122.03125   0.18911274          544    48516 525 0.0
40.84375 -121.96875   0.18911274          662    56655 526 0.0
40.84375 -121.90625   0.18911274          851    67642 527 0.0
40.84375 -121.84375   0.18911274         1243    76161 528 0.0
40.84375 -121.78125   0.18911274         1381    85483 529 0.0
40.84375 -121.71875   0.18911274         1192   160524 530 0.0
40.84375 -121.65625   0.18911274         1303   156916 531 0.0
40.84375 -121.59375   0.18911274         1280   156430 532 0.0
40.84375 -121.53125   0.18911274         1081   161611 533 0.0
40.84375 -121.46875   0.18911274         1094   165999 534 0.0
40.84375 -121.40625   0.18911274         1333   173158 535 0.0
40.84375 -121.34375   0.18911274         1474   185120 536 0.0
40.84375 -121.28125   0.18911274         1559   195110 537 0.0
40.84375 -121.21875   0.18911274         1602   208762 538 0.0
40.84375 -121.15625   0.18911274         1597   212547 539 0.0
40.84375 -121.09375   0.18911274         1494   220575 540 0.0
40.84375 -121.03125   0.18911274         1490   225892 541 0.0
40.84375 -120.96875   0.18911274         1617   233993 542 0.0
40.84375 -120.90625   0.18627455         1835   242720 543 0.0
40.84375 -120.84375   0.08818188         1893   255148 544 0.0
40.78125 -122.53125   0.02471923          915    22037 545 0.0
40.78125 -122.46875   0.08105219          877     9772 546 0.0
40.78125 -122.40625   0.17344213          395     3806 547 0.0
40.78125 -122.34375   0.18923124          417     6842 548 0.0
40.78125 -122.28125   0.18866459          449    14253 549 0.0
40.78125 -122.21875   0.18929097          459    21509 550 0.0
40.78125 -122.15625   0.18929097          440    29150 551 0.0
40.78125 -122.09375   0.17679947          491    37382 552 0.0
40.78125 -122.03125   0.06665509          615    48685 553 0.0
40.78125 -121.96875   0.04158802          723    57163 554 0.0
40.78125 -121.90625   0.04447715          923    72161 555 0.0
40.78125 -121.84375   0.06890759         1390    78814 556 0.0
40.78125 -121.78125   0.16296136         1604    86030 557 0.0
40.78125 -121.71875   0.18929097         1413    97208 558 0.0
40.78125 -121.65625   0.18929097         1616   164979 559 0.0
40.78125 -121.59375   0.18929097         1537   164586 560 0.0
40.78125 -121.53125   0.18929097         1365   169792 561 0.0
40.78125 -121.46875   0.18929097         1074   173081 562 0.0
40.78125 -121.40625   0.18929097         1382   181135 563 0.0
40.78125 -121.34375   0.18929097         1569   191626 564 0.0
40.78125 -121.28125   0.18929097         1695   196830 565 0.0
40.78125 -121.21875   0.18929097         1862   210655 566 0.0
40.78125 -121.15625   0.18929097         1889   219319 567 0.0
40.78125 -121.09375   0.18910546         1774   229584 568 0.0
40.78125 -121.03125   0.18929097         1768   234757 569 0.0
40.78125 -120.96875   0.18644806         1830   238295 570 0.0
40.78125 -120.90625   0.06816215         1930   246597 571 0.0
40.71875 -122.40625   0.06949912          374        0 572 0.0
40.71875 -122.34375   0.03635207          460     5663 573 0.0
40.71875 -122.28125   0.03533543          493    18071 574 0.0
40.71875 -122.21875   0.07547713          370    22200 575 0.0
40.71875 -122.15625   0.07805517          420    29380 576 0.0
40.71875 -122.09375   0.01800968          496    38338 577 0.0
40.71875 -121.78125   0.02825374         1754   184004 578 0.0
40.71875 -121.71875   0.14370183         1551   183061 579 0.0
40.71875 -121.65625   0.18946897         1703   184643 580 0.0
40.71875 -121.59375   0.18946897         2043   180687 581 0.0
40.71875 -121.53125   0.18946897         1793   181032 582 0.0
40.71875 -121.46875   0.18946897         1382   182848 583 0.0
40.71875 -121.40625   0.18946897         1391   188217 584 0.0
40.71875 -121.34375   0.18946897         1554   194513 585 0.0
40.71875 -121.28125   0.18946897         1700   203068 586 0.0
40.71875 -121.21875   0.18946897         1734   210578 587 0.0
40.71875 -121.15625   0.18946897         1785   227992 588 0.0
40.71875 -121.09375   0.05028286         1917   236103 589 0.0
40.71875 -121.03125   0.02763989         2043   242012 590 0.0
40.71875 -120.96875   0.01869769         2001   247543 591 0.0
40.65625 -121.71875   0.00056964         1777   193723 592 0.0
40.65625 -121.65625   0.09011112         1882   193761 593 0.0
40.65625 -121.59375   0.18964675         1851   200495 594 0.0
40.65625 -121.53125   0.18964675         1785   197268 595 0.0
40.65625 -121.46875   0.18964675         1467   199073 596 0.0
40.65625 -121.40625   0.18964675         1429   197191 597 0.0
40.65625 -121.34375   0.18964675         1663   202768 598 0.0
40.65625 -121.28125   0.18964675         1649   210042 599 0.0
40.65625 -121.21875   0.18964675         1723   217670 600 0.0
40.65625 -121.15625   0.18964675         1760   227574 601 0.0
40.65625 -121.09375   0.11409203         1776   240979 602 0.0
40.65625 -121.03125   0.00267256         2106   250515 603 0.0
40.59375 -121.65625   0.00026758         1852   236301 604 0.0
40.59375 -121.59375   0.12460612         1766   225225 605 0.0
40.59375 -121.53125   0.18982430         1686   212148 606 0.0
40.59375 -121.46875   0.18982430         1638   209335 607 0.0
40.59375 -121.40625   0.18982430         1861   205538 608 0.0
40.59375 -121.34375   0.18982430         2042   206424 609 0.0
40.59375 -121.28125   0.18982430         1831   220579 610 0.0
40.59375 -121.21875   0.18680900         1937   222583 611 0.0
40.59375 -121.15625   0.14145393         1957   229357 612 0.0
40.59375 -121.09375   0.06771391         1793   243932 613 0.0
40.59375 -121.03125   0.00247473         2087   250553 614 0.0
40.53125 -121.59375   0.00162206         1997   229868 615 0.0
40.53125 -121.53125   0.07287942         2063   226388 616 0.0
40.53125 -121.46875   0.19000163         1994   219345 617 0.0
40.53125 -121.40625   0.19000163         2060   215752 618 0.0
40.53125 -121.34375   0.19000163         2014   219178 619 0.0
40.53125 -121.28125   0.19000163         2028   229789 620 0.0
40.53125 -121.21875   0.05035472         2196   232141 621 0.0
40.53125 -121.15625   0.00031414         2031   236554 622 0.0
40.46875 -121.53125   0.00655132         2887   235314 623 0.0
40.46875 -121.46875   0.07751654         2323   230383 624 0.0
40.46875 -121.40625   0.03068875         2111   231077 625 0.0
40.46875 -121.34375   0.09264105         2075   238500 626 0.0
40.46875 -121.28125   0.10305635         2160   238231 627 0.0
40.46875 -121.21875   0.01711340         2307   240373 628 0.0
