41.34375 -122.65625   0.19168200         1902    71155   1 0.0
41.34375 -122.59375   0.95104357         2075    71232   2 0.0
41.34375 -122.53125   1.18154293         1983    74176   3 0.0
41.34375 -122.46875   0.11531729         2452    82762   4 0.0
41.28125 -122.71875   0.47591368         1757    66419   5 0.0
41.28125 -122.65625   1.55280304         1615    61657   6 0.0
41.28125 -122.59375   2.07537228         1618    64041   7 0.0
41.28125 -122.53125   1.79480158         1936    72935   8 0.0
41.28125 -122.46875   0.00717372         2388    83888   9 0.0
41.21875 -122.90625   0.26308013         1972    68301  10 0.0
41.21875 -122.84375   0.56452804         1991    67422  11 0.0
41.21875 -122.78125   1.15013461         1976    59696  12 0.0
41.21875 -122.71875   1.99613706         1772    54250  13 0.0
41.21875 -122.65625   2.07735860         1276    53317  14 0.0
41.21875 -122.59375   2.07735860         1648    58340  15 0.0
41.21875 -122.53125   1.66396828         1879    60561  16 0.0
41.21875 -122.46875   0.01528409         2062    70368  17 0.0
41.15625 -122.96875   0.64831264         2012    70796  18 0.0
41.15625 -122.90625   2.02348836         1825    63482  19 0.0
41.15625 -122.84375   2.07934244         1704    55317  20 0.0
41.15625 -122.78125   2.07934244         1837    49376  21 0.0
41.15625 -122.71875   2.07934244         1404    43180  22 0.0
41.15625 -122.65625   2.07934245         1177    44816  23 0.0
41.15625 -122.59375   2.07934245         1480    48781  24 0.0
41.15625 -122.53125   2.07934245         1620    49807  25 0.0
41.15625 -122.46875   1.30238679         1748    56738  26 0.0
41.09375 -122.96875   0.80762047         1832    70627  27 0.0
41.09375 -122.90625   1.97082637         1727    61954  28 0.0
41.09375 -122.84375   2.08132382         1724    53559  29 0.0
41.09375 -122.78125   2.08132382         1298    39175  30 0.0
41.09375 -122.71875   2.08132382         1043    33883  31 0.0
41.09375 -122.65625   2.08132382         1460    35504  32 0.0
41.09375 -122.59375   2.08132382         1423    38954  33 0.0
41.09375 -122.53125   1.68349915         1612    43607  34 0.0
41.09375 -122.46875   0.82080129         1758    56777  35 0.0
41.03125 -123.03125   0.14047022         2104    44517  36 0.0
41.03125 -122.96875   0.31202219         1889    40442  37 0.0
41.03125 -122.90625   1.11058048         1989    51617  38 0.0
41.03125 -122.84375   2.08330272         1974    44049  39 0.0
41.03125 -122.78125   2.08330272         1675    33587  40 0.0
41.03125 -122.71875   2.08330272          969    26188  41 0.0
41.03125 -122.65625   2.08330272          952    26150  42 0.0
41.03125 -122.59375   2.08330272         1104    29712  43 0.0
41.03125 -122.53125   1.10102838         1464    38378  44 0.0
40.96875 -123.03125   0.27744258         2161    36029  45 0.0
40.96875 -122.96875   2.00067178         1761    31663  46 0.0
40.96875 -122.90625   2.01563999         1997    28074  47 0.0
40.96875 -122.84375   2.08527913         1886    20925  48 0.0
40.96875 -122.78125   2.08527914         1286    18148  49 0.0
40.96875 -122.71875   2.08527914          900    18893  50 0.0
40.96875 -122.65625   2.08527914          825    19124  51 0.0
40.96875 -122.59375   1.10081864         1112    25643  52 0.0
40.96875 -122.53125   0.00953119         1357    39603  53 0.0
40.90625 -123.03125   0.00565004         2269    35744  54 0.0
40.90625 -122.96875   1.86087141         1454    24521  55 0.0
40.90625 -122.90625   2.08725307         1668    18250  56 0.0
40.90625 -122.84375   2.08725307         1431    11083  57 0.0
40.90625 -122.78125   2.08725307          933     9299  58 0.0
40.90625 -122.71875   2.08725307          896    10562  59 0.0
40.90625 -122.65625   2.08432126         1004    14442  60 0.0
40.90625 -122.59375   0.54017703         1260    22428  61 0.0
40.84375 -122.96875   0.55783087         1524    24274  62 0.0
40.84375 -122.90625   1.34061928         1082    15473  63 0.0
40.84375 -122.84375   2.08752680          866     7909  64 0.0
40.84375 -122.78125   2.03429783          787     1205  65 0.0
40.84375 -122.71875   1.97647246          920     4292  66 0.0
40.84375 -122.65625   1.15025913         1057    13086  67 0.0
40.78125 -122.84375   0.55994526          905     8549  68 0.0
40.78125 -122.78125   0.31056354          918        0  69 0.0
40.78125 -122.71875   0.02350889         1011     6190  70 0.0
