38.34375 -120.65625   0.61501510          535    33371   1 0.0
38.34375 -120.59375   1.85891108          702    36988   2 0.0
38.34375 -120.53125   1.50137849          840    46301   3 0.0
38.34375 -120.46875   0.95074056          947    54612   4 0.0
38.34375 -120.40625   0.01345796         1168    63502   5 0.0
38.34375 -120.28125   0.68446046         1617    77760   6 0.0
38.28125 -120.71875   2.05492553          408    20441   7 0.0
38.28125 -120.65625   3.86311781          465    22301   8 0.0
38.28125 -120.59375   4.09014465          654    29408   9 0.0
38.28125 -120.53125   4.09014465          789    40123  10 0.0
38.28125 -120.46875   4.09014465          866    50588  11 0.0
38.28125 -120.40625   3.54031411         1060    54063  12 0.0
38.28125 -120.34375   2.53732173         1317    62126  13 0.0
38.28125 -120.28125   1.25639407         1494    73187  14 0.0
38.21875 -120.78125   1.13832752          305     5932  15 0.0
38.21875 -120.71875   4.08609302          312     8977  16 0.0
38.21875 -120.65625   4.09366345          429    17695  17 0.0
38.21875 -120.59375   4.09366345          635    26167  18 0.0
38.21875 -120.53125   4.09366345          676    35294  19 0.0
38.21875 -120.46875   4.09366346          734    43296  20 0.0
38.21875 -120.40625   3.87408666          997    52868  21 0.0
38.21875 -120.34375   0.43044486         1180    63219  22 0.0
38.15625 -120.84375   0.11342820          235        0  23 0.0
38.15625 -120.78125   3.89172812          290      131  24 0.0
38.15625 -120.71875   4.09717738          526     8155  25 0.0
38.15625 -120.65625   4.09717738          363    17564  26 0.0
38.15625 -120.59375   4.09717738          429    26806  27 0.0
38.15625 -120.53125   4.09717738          536    34917  28 0.0
38.15625 -120.46875   2.68502407          704    43481  29 0.0
38.15625 -120.40625   1.10833791          912    52970  30 0.0
38.15625 -120.34375   0.01448375         1037    63857  31 0.0
38.09375 -120.84375   0.12494306          315     4097  32 0.0
38.09375 -120.78125   3.66979785          314     3518  33 0.0
38.09375 -120.71875   2.93451946          519     9642  34 0.0
38.09375 -120.65625   3.98038702          400    25487  35 0.0
38.09375 -120.59375   3.98842714          410    28325  36 0.0
38.09375 -120.53125   1.44806283          522    39142  37 0.0
38.09375 -120.46875   0.00280564          661    48074  38 0.0
38.03125 -120.78125   0.19607296          376    12783  39 0.0
38.03125 -120.71875   0.08234936          350    13797  40 0.0
38.03125 -120.65625   1.02856640          507    36471  41 0.0
38.03125 -120.59375   1.29227996          540    36841  42 0.0
