40.53125 -121.21875   0.05684609         2224   189072   1 0.0
40.53125 -121.15625   0.04798939         1961   204139   2 0.0
40.53125 -121.09375   0.15114617         1922   197495   3 0.0
40.53125 -121.03125   0.01167218         1808   197534   4 0.0
40.46875 -121.53125   0.00484932         2643   210562   5 0.0
40.46875 -121.46875   0.22474005         2287   201921   6 0.0
40.46875 -121.40625   0.32706616         1965   193995   7 0.0
40.46875 -121.34375   0.20000922         2009   191333   8 0.0
40.46875 -121.28125   0.17865832         2154   181221   9 0.0
40.46875 -121.21875   0.34058950         2169   180168  10 0.0
40.46875 -121.15625   0.38060795         2022   176828  11 0.0
40.46875 -121.09375   0.38999212         1841   188563  12 0.0
40.46875 -121.03125   0.13469257         1782   185223  13 0.0
40.40625 -121.46875   0.28394534         1938   196091  14 0.0
40.40625 -121.40625   0.39035482         1896   186290  15 0.0
40.40625 -121.34375   0.39035482         1749   181189  16 0.0
40.40625 -121.28125   0.39035482         1864   171355  17 0.0
40.40625 -121.21875   0.39035482         1947   169105  18 0.0
40.40625 -121.15625   0.39035482         1856   166828  19 0.0
40.40625 -121.09375   0.39035482         1848   165859  20 0.0
40.40625 -121.03125   0.38550075         1729   170774  21 0.0
40.40625 -120.96875   0.26184123         1748   178982  22 0.0
40.40625 -120.90625   0.09355853         1768   182781  23 0.0
40.40625 -120.84375   0.00038392         1804   185335  24 0.0
40.34375 -121.46875   0.10186824         1729   192796  25 0.0
40.34375 -121.40625   0.20017073         1679   184570  26 0.0
40.34375 -121.34375   0.36367048         1654   169395  27 0.0
40.34375 -121.28125   0.39071707         1528   166230  28 0.0
40.34375 -121.21875   0.39071707         1504   160150  29 0.0
40.34375 -121.15625   0.39071707         1644   158318  30 0.0
40.34375 -121.09375   0.39071707         1617   156678  31 0.0
40.34375 -121.03125   0.39071707         1620   157697  32 0.0
40.34375 -120.96875   0.39071707         1609   166230  33 0.0
40.34375 -120.90625   0.39071707         1706   172551  34 0.0
40.34375 -120.84375   0.07171133         1933   179616  35 0.0
40.34375 -120.78125   0.00715960         2001   194050  36 0.0
40.34375 -120.71875   0.00932389         2014   194104  37 0.0
40.34375 -120.65625   0.00003958         2237   223592  38 0.0
40.28125 -121.34375   0.26832727         1643   158888  39 0.0
40.28125 -121.28125   0.39107884         1521   149028  40 0.0
40.28125 -121.21875   0.39107884         1376   148897  41 0.0
40.28125 -121.15625   0.39107884         1423   149942  42 0.0
40.28125 -121.09375   0.39107884         1473   148407  43 0.0
40.28125 -121.03125   0.39107884         1652   151514  44 0.0
40.28125 -120.96875   0.39107884         1555   163702  45 0.0
40.28125 -120.90625   0.39107884         1637   170652  46 0.0
40.28125 -120.84375   0.31319021         1935   178446  47 0.0
40.28125 -120.78125   0.29083742         1770   185408  48 0.0
40.28125 -120.71875   0.36578571         1893   185524  49 0.0
40.28125 -120.65625   0.32383080         2027   213359  50 0.0
40.28125 -120.59375   0.19837381         2002   213234  51 0.0
40.28125 -120.53125   0.02104289         2122   216050  52 0.0
40.21875 -121.46875   0.00304494         1935   170491  53 0.0
40.21875 -121.40625   0.07525566         2054   162041  54 0.0
40.21875 -121.34375   0.35245095         1787   153930  55 0.0
40.21875 -121.28125   0.39144015         1492   145436  56 0.0
40.21875 -121.21875   0.39144015         1411   136686  57 0.0
40.21875 -121.15625   0.39144015         1396   136778  58 0.0
40.21875 -121.09375   0.39144015         1392   141457  59 0.0
40.21875 -121.03125   0.39144015         1700   145420  60 0.0
40.21875 -120.96875   0.39144015         1769   169387  61 0.0
40.21875 -120.90625   0.39144015         1681   170047  62 0.0
40.21875 -120.84375   0.39144015         1641   173683  63 0.0
40.21875 -120.78125   0.39144015         1565   175242  64 0.0
40.21875 -120.71875   0.39144015         1761   181174  65 0.0
40.21875 -120.65625   0.39144015         1719   205899  66 0.0
40.21875 -120.59375   0.39144015         1778   203947  67 0.0
40.21875 -120.53125   0.37125737         1899   208593  68 0.0
40.21875 -120.46875   0.12145057         1908   227519  69 0.0
40.15625 -121.46875   0.01891376         1929   169650  70 0.0
40.15625 -121.40625   0.30441256         1895   132678  71 0.0
40.15625 -121.34375   0.39180100         1759   127037  72 0.0
40.15625 -121.28125   0.39180100         1457   121982  73 0.0
40.15625 -121.21875   0.39180100         1477   121697  74 0.0
40.15625 -121.15625   0.39180100         1487   124746  75 0.0
40.15625 -121.09375   0.39180100         1510   127008  76 0.0
40.15625 -121.03125   0.39180100         1535   132607  77 0.0
40.15625 -120.96875   0.39180100         1264   163582  78 0.0
40.15625 -120.90625   0.39180100         1294   155818  79 0.0
40.15625 -120.84375   0.39180100         1360   157356  80 0.0
40.15625 -120.78125   0.39180100         1456   164926  81 0.0
40.15625 -120.71875   0.39180100         2036   172951  82 0.0
40.15625 -120.65625   0.39180100         1738   188578  83 0.0
40.15625 -120.59375   0.39180100         1658   195021  84 0.0
40.15625 -120.53125   0.39180100         1754   208424  85 0.0
40.15625 -120.46875   0.38874389         1852   219341  86 0.0
40.15625 -120.40625   0.15764227         1871   226739  87 0.0
40.15625 -120.34375   0.00493224         1863   235217  88 0.0
40.09375 -121.46875   0.07915344         1793    94501  89 0.0
40.09375 -121.40625   0.06971442         1992   101251  90 0.0
40.09375 -121.34375   0.38498496         1857   117155  91 0.0
40.09375 -121.28125   0.39216138         1539   112177  92 0.0
40.09375 -121.21875   0.39216138         1327   111352  93 0.0
40.09375 -121.15625   0.39216138         1347   114138  94 0.0
40.09375 -121.09375   0.39216138         1472   122464  95 0.0
40.09375 -121.03125   0.39216138         1642   129137  96 0.0
40.09375 -120.96875   0.39216138         1455   139516  97 0.0
40.09375 -120.90625   0.39216138         1227   147333  98 0.0
40.09375 -120.84375   0.39216138         1165   155514  99 0.0
40.09375 -120.78125   0.39216138         1459   162925 100 0.0
40.09375 -120.71875   0.39216138         1677   173043 101 0.0
40.09375 -120.65625   0.39216138         1585   182838 102 0.0
40.09375 -120.59375   0.39216138         1810   191010 103 0.0
40.09375 -120.53125   0.39216138         1737   201419 104 0.0
40.09375 -120.46875   0.39216138         1809   210424 105 0.0
40.09375 -120.40625   0.39216138         1821   221000 106 0.0
40.09375 -120.34375   0.36662196         1821   234463 107 0.0
40.09375 -120.28125   0.28556771         1902   244398 108 0.0
40.09375 -120.21875   0.06302353         1965   253055 109 0.0
40.03125 -121.53125   0.14800507         1550    82900 110 0.0
40.03125 -121.46875   0.38778240         1770    83453 111 0.0
40.03125 -121.40625   0.36430363         1935    87029 112 0.0
40.03125 -121.34375   0.39252129         1795    92858 113 0.0
40.03125 -121.28125   0.39252129         1338    98144 114 0.0
40.03125 -121.21875   0.39252129         1069   101292 115 0.0
40.03125 -121.15625   0.39252129         1306   110080 116 0.0
40.03125 -121.09375   0.39252129         1251   118737 117 0.0
40.03125 -121.03125   0.39252129         1232   127193 118 0.0
40.03125 -120.96875   0.39252129         1158   135637 119 0.0
40.03125 -120.90625   0.39252129         1684   145758 120 0.0
40.03125 -120.84375   0.39252129         1673   157998 121 0.0
40.03125 -120.78125   0.39252129         1548   165293 122 0.0
40.03125 -120.71875   0.39252129         1405   174299 123 0.0
40.03125 -120.65625   0.39252129         1687   182685 124 0.0
40.03125 -120.59375   0.39252129         1761   191179 125 0.0
40.03125 -120.53125   0.39252129         1748   200569 126 0.0
40.03125 -120.46875   0.39252129         1761   209175 127 0.0
40.03125 -120.40625   0.39252129         1858   218248 128 0.0
40.03125 -120.34375   0.39252129         2024   227905 129 0.0
40.03125 -120.28125   0.39252129         2007   242708 130 0.0
40.03125 -120.21875   0.30650744         1905   242471 131 0.0
40.03125 -120.15625   0.00880245         2073   245887 132 0.0
39.96875 -121.53125   0.27371537         1332    69568 133 0.0
39.96875 -121.46875   0.39288074         1658    73613 134 0.0
39.96875 -121.40625   0.39288074         1672    77863 135 0.0
39.96875 -121.34375   0.39288074         1640    84434 136 0.0
39.96875 -121.28125   0.39288074         1150    86735 137 0.0
39.96875 -121.21875   0.39288074         1785    93941 138 0.0
39.96875 -121.15625   0.39288074         1742   106340 139 0.0
39.96875 -121.09375   0.39288074         1448   124493 140 0.0
39.96875 -121.03125   0.39288074         1278   127964 141 0.0
39.96875 -120.96875   0.39288074         1160   147525 142 0.0
39.96875 -120.90625   0.39288074         1142   150510 143 0.0
39.96875 -120.84375   0.39288074         1494   159337 144 0.0
39.96875 -120.78125   0.39288074         1932   172194 145 0.0
39.96875 -120.71875   0.39288074         1889   179582 146 0.0
39.96875 -120.65625   0.39288074         2046   184784 147 0.0
39.96875 -120.59375   0.39288074         1987   197721 148 0.0
39.96875 -120.53125   0.39288074         1771   198937 149 0.0
39.96875 -120.46875   0.39288074         1713   198969 150 0.0
39.96875 -120.40625   0.39288074         1740   221300 151 0.0
39.96875 -120.34375   0.39288074         1906   230165 152 0.0
39.96875 -120.28125   0.39288074         2133   239495 153 0.0
39.96875 -120.21875   0.39288074         1849   233491 154 0.0
39.96875 -120.15625   0.22025999         2078   235597 155 0.0
39.96875 -120.09375   0.00058836         2338   239508 156 0.0
39.90625 -121.59375   0.08043589         1019    62007 157 0.0
39.90625 -121.53125   0.38531639         1048    59600 158 0.0
39.90625 -121.46875   0.39323971         1303    65797 159 0.0
39.90625 -121.40625   0.39323971         1330    71152 160 0.0
39.90625 -121.34375   0.39323971         1063    74885 161 0.0
39.90625 -121.28125   0.39323971         1305    83350 162 0.0
39.90625 -121.21875   0.39323971         1699    92608 163 0.0
39.90625 -121.15625   0.39323971         1796    97834 164 0.0
39.90625 -121.09375   0.39323971         1486    95143 165 0.0
39.90625 -121.03125   0.39323971         1367    97674 166 0.0
39.90625 -120.96875   0.39323971         1598   101493 167 0.0
39.90625 -120.90625   0.39323971         1462   103219 168 0.0
39.90625 -120.84375   0.39323971         1329   115266 169 0.0
39.90625 -120.78125   0.39323971         1388   119009 170 0.0
39.90625 -120.71875   0.39323972         1685   127762 171 0.0
39.90625 -120.65625   0.39323972         1922   134760 172 0.0
39.90625 -120.59375   0.39323972         1876   142561 173 0.0
39.90625 -120.53125   0.39323972         1817   194264 174 0.0
39.90625 -120.46875   0.39323972         1900   188371 175 0.0
39.90625 -120.40625   0.39323972         1804   194286 176 0.0
39.90625 -120.34375   0.39323972         1938   193701 177 0.0
39.90625 -120.28125   0.39323972         1982   217296 178 0.0
39.90625 -120.21875   0.39323972         1796   215266 179 0.0
39.90625 -120.15625   0.39323972         1899   222914 180 0.0
39.90625 -120.09375   0.11852471         2128   225560 181 0.0
39.84375 -121.59375   0.05613336          674    50937 182 0.0
39.84375 -121.53125   0.38384685          886    52371 183 0.0
39.84375 -121.46875   0.39359822         1120    52516 184 0.0
39.84375 -121.40625   0.39359822          903    62403 185 0.0
39.84375 -121.34375   0.39359822         1287    59772 186 0.0
39.84375 -121.28125   0.39359822         1580    71703 187 0.0
39.84375 -121.21875   0.39359822         1702    73933 188 0.0
39.84375 -121.15625   0.39359822         1716    76372 189 0.0
39.84375 -121.09375   0.39359822         1522    79474 190 0.0
39.84375 -121.03125   0.39359822         1527    85006 191 0.0
39.84375 -120.96875   0.39359822         1538    92644 192 0.0
39.84375 -120.90625   0.39359823         1627   100700 193 0.0
39.84375 -120.84375   0.39359823         1484   110035 194 0.0
39.84375 -120.78125   0.39359823         1618   118938 195 0.0
39.84375 -120.71875   0.39359823         1451   126426 196 0.0
39.84375 -120.65625   0.39359823         1649   134390 197 0.0
39.84375 -120.59375   0.39359823         1950   142469 198 0.0
39.84375 -120.53125   0.39359823         1807   166921 199 0.0
39.84375 -120.46875   0.39359823         1635   171734 200 0.0
39.84375 -120.40625   0.39359823         1631   178688 201 0.0
39.84375 -120.34375   0.39359823         1629   185791 202 0.0
39.84375 -120.28125   0.39359823         1716   193164 203 0.0
39.84375 -120.21875   0.39359823         1621   200683 204 0.0
39.84375 -120.15625   0.39359823         1644   210677 205 0.0
39.84375 -120.09375   0.09078141         1756   219520 206 0.0
39.78125 -121.59375   0.09055756          581    41950 207 0.0
39.78125 -121.53125   0.39395627          698    42081 208 0.0
39.78125 -121.46875   0.39395627          747    46664 209 0.0
39.78125 -121.40625   0.39395627         1056    46146 210 0.0
39.78125 -121.34375   0.39395627         1157    51163 211 0.0
39.78125 -121.28125   0.39395627         1336    54742 212 0.0
39.78125 -121.21875   0.39395627         1477    63048 213 0.0
39.78125 -121.15625   0.39395627         1293    65717 214 0.0
39.78125 -121.09375   0.39395627         1433    72146 215 0.0
39.78125 -121.03125   0.39395627         1491    80912 216 0.0
39.78125 -120.96875   0.39395627         1589    85830 217 0.0
39.78125 -120.90625   0.33785770         1844    92109 218 0.0
39.78125 -120.84375   0.34144675         1814   100712 219 0.0
39.78125 -120.78125   0.39395627         1883   121383 220 0.0
39.78125 -120.71875   0.39395627         1770   130217 221 0.0
39.78125 -120.65625   0.39395627         1456   140037 222 0.0
39.78125 -120.59375   0.39395627         1528   146857 223 0.0
39.78125 -120.53125   0.39395627         1518   157748 224 0.0
39.78125 -120.46875   0.39395627         1654   168403 225 0.0
39.78125 -120.40625   0.39395627         1617   178627 226 0.0
39.78125 -120.34375   0.39395627         1487   186098 227 0.0
39.78125 -120.28125   0.39395627         1492   193279 228 0.0
39.78125 -120.21875   0.39395627         1503   200306 229 0.0
39.78125 -120.15625   0.39392577         1589   210207 230 0.0
39.78125 -120.09375   0.09349458         1690   219411 231 0.0
39.71875 -121.59375   0.07756440          428    34296 232 0.0
39.71875 -121.53125   0.39431384          520    28163 233 0.0
39.71875 -121.46875   0.39431384          616    28279 234 0.0
39.71875 -121.40625   0.39431384          680    34491 235 0.0
39.71875 -121.34375   0.39431384          830    41921 236 0.0
39.71875 -121.28125   0.39431384          940    47156 237 0.0
39.71875 -121.21875   0.39431384         1090    47942 238 0.0
39.71875 -121.15625   0.39431384         1390    56676 239 0.0
39.71875 -121.09375   0.39431384         1578    66906 240 0.0
39.71875 -121.03125   0.38451625         1630    73347 241 0.0
39.71875 -120.96875   0.26983832         1630    83509 242 0.0
39.71875 -120.90625   0.01167880         1850    91565 243 0.0
39.71875 -120.84375   0.01439090         1985   128929 244 0.0
39.71875 -120.78125   0.20944393         1988   130239 245 0.0
39.71875 -120.71875   0.29736350         1970   133528 246 0.0
39.71875 -120.65625   0.39431384         1879   150660 247 0.0
39.71875 -120.59375   0.39333047         1652   152178 248 0.0
39.71875 -120.53125   0.39431384         1556   157579 249 0.0
39.71875 -120.46875   0.39431384         1634   167499 250 0.0
39.71875 -120.40625   0.39431384         1543   191854 251 0.0
39.71875 -120.34375   0.39431384         1490   192007 252 0.0
39.71875 -120.28125   0.39431384         1491   195927 253 0.0
39.71875 -120.21875   0.39431384         1554   202877 254 0.0
39.71875 -120.15625   0.29116939         1917   210927 255 0.0
39.65625 -121.59375   0.01007504          305    33510 256 0.0
39.65625 -121.53125   0.29327802          356    20948 257 0.0
39.65625 -121.46875   0.39467094          506    20017 258 0.0
39.65625 -121.40625   0.39467094          653    23863 259 0.0
39.65625 -121.34375   0.39467094          890    32507 260 0.0
39.65625 -121.28125   0.39467094          779    33440 261 0.0
39.65625 -121.21875   0.39467094         1171    42698 262 0.0
39.65625 -121.15625   0.39467094         1265    53768 263 0.0
39.65625 -121.09375   0.39467094         1349    60941 264 0.0
39.65625 -121.03125   0.21931921         1481    69039 265 0.0
39.65625 -120.71875   0.00114554         2253   164064 266 0.0
39.65625 -120.65625   0.13927226         2046   162731 267 0.0
39.65625 -120.59375   0.03696934         2173   163511 268 0.0
39.65625 -120.53125   0.18796807         2006   163587 269 0.0
39.65625 -120.46875   0.38133331         1743   168116 270 0.0
39.65625 -120.40625   0.39467094         1500   199226 271 0.0
39.65625 -120.34375   0.39467094         1608   198996 272 0.0
39.65625 -120.28125   0.39467094         1672   201759 273 0.0
39.65625 -120.21875   0.39467094         1617   205793 274 0.0
39.65625 -120.15625   0.32424177         1996   214300 275 0.0
39.65625 -120.09375   0.00064716         2598   225150 276 0.0
39.59375 -121.53125   0.25850759          376     5286 277 0.0
39.59375 -121.46875   0.39502758          340    12345 278 0.0
39.59375 -121.40625   0.39502758          498    16173 279 0.0
39.59375 -121.34375   0.39502758          551    23660 280 0.0
39.59375 -121.28125   0.39502758          710    32522 281 0.0
39.59375 -121.21875   0.39502758         1036    41255 282 0.0
39.59375 -121.15625   0.39502758         1110    49155 283 0.0
39.59375 -121.09375   0.26326378         1176    57365 284 0.0
39.59375 -120.46875   0.29076689         2045   214749 285 0.0
39.59375 -120.40625   0.39502758         1602   209117 286 0.0
39.59375 -120.34375   0.39502758         1614   210738 287 0.0
39.59375 -120.28125   0.39502758         1909   210490 288 0.0
39.59375 -120.21875   0.39502758         1962   215320 289 0.0
39.59375 -120.15625   0.39502758         2013   217711 290 0.0
39.59375 -120.09375   0.09525436         2423   225652 291 0.0
39.53125 -121.53125   0.23924521          155        0 292 0.0
39.53125 -121.46875   0.31047765          265     7979 293 0.0
39.53125 -121.40625   0.33964066          397    15636 294 0.0
39.53125 -121.34375   0.39538374          471    23392 295 0.0
39.53125 -121.28125   0.27965525          660    30879 296 0.0
39.53125 -121.21875   0.24644631          837    40475 297 0.0
39.53125 -121.15625   0.18028199         1092    48717 298 0.0
39.53125 -121.09375   0.00305035         1114    58282 299 0.0
39.53125 -120.46875   0.04514664         2304   225374 300 0.0
39.53125 -120.40625   0.31832566         2058   220009 301 0.0
39.53125 -120.34375   0.38553685         1949   220335 302 0.0
39.53125 -120.28125   0.33569611         1952   222981 303 0.0
39.53125 -120.21875   0.17458669         2105   223629 304 0.0
39.53125 -120.15625   0.08477016         2107   225927 305 0.0
39.53125 -120.09375   0.00141295         2137   229369 306 0.0
39.46875 -121.40625   0.00268330          581    29371 307 0.0
39.46875 -121.34375   0.07302750          674    28962 308 0.0
39.46875 -120.40625   0.00212646         2293   228503 309 0.0
39.46875 -120.34375   0.00346776         2213   228618 310 0.0
39.46875 -120.28125   0.00230045         2108   235402 311 0.0
