41.03125 -122.53125   0.12453051         1514    68699   1 0.0
40.96875 -122.59375   3.38806686         1291    58799   2 0.0
40.96875 -122.53125   2.98271447         1401    61260   3 0.0
40.90625 -122.65625   0.01003940         1502    47166   4 0.0
40.90625 -122.59375   5.32392478         1193    45933   5 0.0
40.90625 -122.53125   3.64906624         1183    49675   6 0.0
40.84375 -122.65625   2.53773157         1082    38557   7 0.0
40.84375 -122.59375   7.18984485          939    36806   8 0.0
40.84375 -122.53125   2.74980425         1142    43843   9 0.0
40.78125 -122.71875   0.29883928         1220    30989  10 0.0
40.78125 -122.65625   5.16568683         1005    27231  11 0.0
40.78125 -122.59375   7.19662085          766    27286  12 0.0
40.78125 -122.53125   4.42027586          906    35093  13 0.0
40.71875 -122.78125   0.01420592         1327    29040  14 0.0
40.71875 -122.71875   3.56537648         1080    21840  15 0.0
40.71875 -122.65625   7.20338828          746    18043  16 0.0
40.71875 -122.59375   7.20338828          790    10763  17 0.0
40.71875 -122.53125   1.95315457          973    11118  18 0.0
40.65625 -122.78125   0.00649814         1341    29155  19 0.0
40.65625 -122.71875   5.34914417          879    20830  20 0.0
40.65625 -122.65625   7.21014714          645    11300  21 0.0
40.65625 -122.59375   7.21014714          544     2892  22 0.0
40.65625 -122.53125   3.32357333          580     2039  23 0.0
40.59375 -122.71875   1.42829733         1253    23544  24 0.0
40.59375 -122.65625   5.05640489         1329    11850  25 0.0
40.59375 -122.59375   4.84451618          750     1821  26 0.0
40.59375 -122.53125   0.59461241          402        0  27 0.0
