38.21875 -120.03125   0.00641617         1731   107277   1 0.0
38.21875 -119.96875   0.08962643         2046   108095   2 0.0
38.21875 -119.90625   0.14052481         2502   116305   3 0.0
38.21875 -119.84375   0.22899067         2680   137171   4 0.0
38.21875 -119.78125   0.39372680         2713   148001   5 0.0
38.21875 -119.71875   0.31680182         2890   154734   6 0.0
38.21875 -119.65625   0.44691835         2949   162817   7 0.0
38.21875 -119.59375   0.01534058         3036   168100   8 0.0
38.15625 -120.09375   0.21686634         1595    92212   9 0.0
38.15625 -120.03125   0.75387624         1774    97728  10 0.0
38.15625 -119.96875   0.95385503         2003   106609  11 0.0
38.15625 -119.90625   0.95483328         2252   116343  12 0.0
38.15625 -119.84375   0.95483328         2421   136669  13 0.0
38.15625 -119.78125   0.95483328         2554   140935  14 0.0
38.15625 -119.71875   0.95483328         2627   143435  15 0.0
38.15625 -119.65625   0.95483328         2818   144947  16 0.0
38.15625 -119.59375   0.80327552         2950   155352  17 0.0
38.15625 -119.53125   0.32329500         3119   160973  18 0.0
38.15625 -119.46875   0.09382926         3078   166770  19 0.0
38.09375 -120.28125   0.00778145         1357    73562  20 0.0
38.09375 -120.21875   0.01213126         1412    74751  21 0.0
38.09375 -120.15625   0.35104579         1444    79368  22 0.0
38.09375 -120.09375   0.93917089         1618    85734  23 0.0
38.09375 -120.03125   0.95565105         1764    95129  24 0.0
38.09375 -119.96875   0.95565106         1975   111862  25 0.0
38.09375 -119.90625   0.95565106         2082   117928  26 0.0
38.09375 -119.84375   0.95565106         2186   125186  27 0.0
38.09375 -119.78125   0.95565106         2340   129737  28 0.0
38.09375 -119.71875   0.95565106         2515   133007  29 0.0
38.09375 -119.65625   0.95565106         2729   141794  30 0.0
38.09375 -119.59375   0.95565106         2780   151015  31 0.0
38.09375 -119.53125   0.95565106         2945   156147  32 0.0
38.09375 -119.46875   0.79970171         3015   164092  33 0.0
38.09375 -119.40625   0.64576279         3152   174124  34 0.0
38.09375 -119.34375   0.20638972         3298   184696  35 0.0
38.03125 -120.40625   0.23637024          694    55564  36 0.0
38.03125 -120.34375   0.77329592          872    58727  37 0.0
38.03125 -120.28125   0.83920985          986    60904  38 0.0
38.03125 -120.21875   0.89715207         1182    63907  39 0.0
38.03125 -120.15625   0.95646769         1278    68420  40 0.0
38.03125 -120.09375   0.95646769         1573    76783  41 0.0
38.03125 -120.03125   0.95646769         1566   100892  42 0.0
38.03125 -119.96875   0.95646769         1829   104394  43 0.0
38.03125 -119.90625   0.95646769         1776   113675  44 0.0
38.03125 -119.84375   0.95646769         2027   116746  45 0.0
38.03125 -119.78125   0.95646769         2046   122633  46 0.0
38.03125 -119.71875   0.95646769         2285   129638  47 0.0
38.03125 -119.65625   0.95646769         2454   135981  48 0.0
38.03125 -119.59375   0.95646769         2586   144338  49 0.0
38.03125 -119.53125   0.95646769         2721   153891  50 0.0
38.03125 -119.46875   0.95646769         2929   162833  51 0.0
38.03125 -119.40625   0.95646769         2958   171672  52 0.0
38.03125 -119.34375   0.91820968         3081   177019  53 0.0
38.03125 -119.28125   0.03328120         3579   185913  54 0.0
37.96875 -120.46875   0.07841967          485    45868  55 0.0
37.96875 -120.40625   0.91591377          536    46130  56 0.0
37.96875 -120.34375   0.95728319          653    48833  57 0.0
37.96875 -120.28125   0.95728319          841    49056  58 0.0
37.96875 -120.21875   0.95728319          888    55668  59 0.0
37.96875 -120.15625   0.95728319         1172    63715  60 0.0
37.96875 -120.09375   0.95728319         1441    70682  61 0.0
37.96875 -120.03125   0.95728319         1335    91419  62 0.0
37.96875 -119.96875   0.95728319         1626    98485  63 0.0
37.96875 -119.90625   0.95728319         1473   102675  64 0.0
37.96875 -119.84375   0.95728319         1581   109919  65 0.0
37.96875 -119.78125   0.95728319         1691   117797  66 0.0
37.96875 -119.71875   0.95728319         1805   125512  67 0.0
37.96875 -119.65625   0.95728319         2176   133245  68 0.0
37.96875 -119.59375   0.95728319         2206   141979  69 0.0
37.96875 -119.53125   0.95728319         2538   150193  70 0.0
37.96875 -119.46875   0.95728319         2759   157949  71 0.0
37.96875 -119.40625   0.95728319         2766   167208  72 0.0
37.96875 -119.34375   0.90472732         3128   175677  73 0.0
37.96875 -119.28125   0.03598099         3480   183526  74 0.0
37.90625 -120.46875   0.43747763          395    36653  75 0.0
37.90625 -120.40625   0.95809755          420    35040  76 0.0
37.90625 -120.34375   0.95809755          520    34870  77 0.0
37.90625 -120.28125   0.95809755          608    42476  78 0.0
37.90625 -120.21875   0.95809755          688    51255  79 0.0
37.90625 -120.15625   0.95809755          890    59781  80 0.0
37.90625 -120.09375   0.95809755         1144    67745  81 0.0
37.90625 -120.03125   0.95809755         1150    80649  82 0.0
37.90625 -119.96875   0.95809755         1107    89805  83 0.0
37.90625 -119.90625   0.95809755         1264    99226  84 0.0
37.90625 -119.84375   0.95809755         1413   105423  85 0.0
37.90625 -119.78125   0.95809755         1781   114227  86 0.0
37.90625 -119.71875   0.95809755         2078   125659  87 0.0
37.90625 -119.65625   0.95809755         2007   133546  88 0.0
37.90625 -119.59375   0.82329048         2189   141676  89 0.0
37.90625 -119.53125   0.71323709         2508   149586  90 0.0
37.90625 -119.46875   0.95809755         2522   157841  91 0.0
37.90625 -119.40625   0.95809755         2641   166543  92 0.0
37.90625 -119.34375   0.95809755         2930   175245  93 0.0
37.90625 -119.28125   0.81778770         3079   184386  94 0.0
37.90625 -119.21875   0.30636527         3396   192806  95 0.0
37.84375 -120.46875   0.59026037          366    22872  96 0.0
37.84375 -120.40625   0.95891077          358    22819  97 0.0
37.84375 -120.34375   0.95891077          427    22589  98 0.0
37.84375 -120.28125   0.95891077          692    38958  99 0.0
37.84375 -120.21875   0.95891077          883    50788 100 0.0
37.84375 -120.15625   0.95891077          891    60676 101 0.0
37.84375 -120.09375   0.86762470          755    68838 102 0.0
37.84375 -120.03125   0.93894683          862    77387 103 0.0
37.84375 -119.96875   0.95891077         1155    87530 104 0.0
37.84375 -119.90625   0.95891077         1345    96533 105 0.0
37.84375 -119.84375   0.95891077         1499   104934 106 0.0
37.84375 -119.78125   0.95891077         1936   113812 107 0.0
37.84375 -119.71875   0.95883653         2218   122495 108 0.0
37.84375 -119.65625   0.61144572         2473   131328 109 0.0
37.84375 -119.59375   0.14759893         2586   143942 110 0.0
37.84375 -119.53125   0.01113393         2991   166961 111 0.0
37.84375 -119.46875   0.15114001         2816   166738 112 0.0
37.84375 -119.40625   0.42302119         2874   171605 113 0.0
37.84375 -119.34375   0.87423627         2936   176255 114 0.0
37.84375 -119.28125   0.95891077         3065   184165 115 0.0
37.84375 -119.21875   0.58181930         3374   193123 116 0.0
37.78125 -120.46875   0.26265892          342    15404 117 0.0
37.78125 -120.40625   0.95653241          299    12806 118 0.0
37.78125 -120.34375   0.95972284          427    13743 119 0.0
37.78125 -120.28125   0.95909749          613    22262 120 0.0
37.78125 -120.21875   0.76623989          871    48785 121 0.0
37.78125 -120.15625   0.38580269         1034    59123 122 0.0
37.78125 -120.09375   0.12493366         1004    76252 123 0.0
37.78125 -120.03125   0.06003401         1209    84683 124 0.0
37.78125 -119.96875   0.47338423         1348    88230 125 0.0
37.78125 -119.90625   0.77680344         1473    96440 126 0.0
37.78125 -119.84375   0.72788221         1584   106046 127 0.0
37.78125 -119.78125   0.71349789         1824   113342 128 0.0
37.78125 -119.71875   0.36747013         2151   121169 129 0.0
37.78125 -119.34375   0.10732519         3171   189776 130 0.0
37.78125 -119.28125   0.83838075         3236   190764 131 0.0
37.78125 -119.21875   0.37899173         3387   196143 132 0.0
37.71875 -120.46875   0.00716376          247     4829 133 0.0
37.71875 -120.40625   0.89108134          262     3432 134 0.0
37.71875 -120.34375   0.73448429          313    11428 135 0.0
37.71875 -120.28125   0.18856660          664    21952 136 0.0
37.71875 -120.21875   0.00106699          706    51061 137 0.0
37.71875 -119.28125   0.06223067         3658   200991 138 0.0
37.65625 -120.46875   0.04509894          149        0 139 0.0
37.65625 -120.40625   0.14752742          239      818 140 0.0
37.65625 -120.34375   0.37624230          318    13454 141 0.0
37.65625 -120.28125   0.01136557          374    21808 142 0.0
