37.9375 -119.5625   0.55392945         2786   144397   1 0.0
37.8125 -120.3125   0.00092363          708    40467   2 0.0
37.8125 -120.1875   1.11919415          963    38601   3 0.0
37.8125 -120.0625   2.69249008          979    76852   4 0.0
37.8125 -119.9375   0.97598755         1318    81991   5 0.0
37.8125 -119.8125   0.69702612         1894    91261   6 0.0
37.8125 -119.6875   2.77114096         2398   110448   7 0.0
37.8125 -119.5625   5.36674498         2424   125119   8 0.0
37.8125 -119.4375   4.76023039         2755   137404   9 0.0
37.8125 -119.3125   1.53426958         3200   155182  10 0.0
37.6875 -120.3125   2.80912990          411    15039  11 0.0
37.6875 -120.1875   5.60647751          629    16887  12 0.0
37.6875 -120.0625   5.60809278          807    43843  13 0.0
37.6875 -119.9375   5.60809279          957    59805  14 0.0
37.6875 -119.8125   5.60809280         1259    83342  15 0.0
37.6875 -119.6875   5.60809280         1828   101576  16 0.0
37.6875 -119.5625   5.60809281         2131   120073  17 0.0
37.6875 -119.4375   5.60809282         2704   138129  18 0.0
37.6875 -119.3125   3.69541316         3092   154904  19 0.0
37.5625 -120.3125   1.85131007          273        0  20 0.0
37.5625 -120.1875   2.65966918          518    11140  21 0.0
37.5625 -120.0625   3.26307962          688    41497  22 0.0
37.5625 -119.9375   4.22629428          911    59345  23 0.0
37.5625 -119.8125   4.14949421         1182    82476  24 0.0
37.5625 -119.6875   5.33908037         1589   105661  25 0.0
37.5625 -119.5625   5.61753146         2275   126549  26 0.0
37.5625 -119.4375   4.14123427         2666   143633  27 0.0
37.5625 -119.3125   0.00978182         3282   164758  28 0.0
37.4375 -119.6875   0.50908305         1682   128681  29 0.0
37.4375 -119.5625   1.79936959         2075   132423  30 0.0
37.4375 -119.4375   0.20255784         2577   145886  31 0.0
