38.3125 -120.6875   6.53207022          454    20441   1 0.0
38.3125 -120.5625  11.53923580          734    29408   2 0.0
38.3125 -120.4375   8.59301156          956    50588   3 0.0
38.3125 -120.3125   4.47817625         1413    62126   4 0.0
38.1875 -120.8125   5.14452636          292        0   5 0.0
38.1875 -120.6875  16.37401970          407     8155   6 0.0
38.1875 -120.5625  16.38167410          569    26167   7 0.0
38.1875 -120.4375  11.76126353          831    43296   8 0.0
38.1875 -120.3125   0.44492661         1176    63219   9 0.0
38.0625 -120.8125   3.99092789          317     3518  10 0.0
38.0625 -120.6875   8.02782874          457     9642  11 0.0
38.0625 -120.5625   6.72953361          458    28325  12 0.0
38.0625 -120.4375   0.00280564          661    48074  13 0.0
