37.6875 -119.3125   1.08854414         3101   153991   1 0.0
37.6875 -119.1875   2.97696586         3030   152393   2 0.0
37.6875 -119.0625   1.28203720         2733   158672   3 0.0
37.5625 -119.4375   0.92771233         2602   130706   4 0.0
37.5625 -119.3125   3.52327480         2546   129466   5 0.0
37.5625 -119.1875   3.52939525         2303   129389   6 0.0
37.5625 -119.0625   3.20703139         2561   145068   7 0.0
37.5625 -118.9375   1.37532358         3158   161619   8 0.0
37.5625 -118.8125   0.01944762         3691   180350   9 0.0
37.4375 -119.5625   1.34914642         1944    97467  10 0.0
37.4375 -119.4375   3.40790291         2044    96512  11 0.0
37.4375 -119.3125   3.53530858         1787   110304  12 0.0
37.4375 -119.1875   3.53530859         1957   115989  13 0.0
37.4375 -119.0625   3.53530859         2698   137644  14 0.0
37.4375 -118.9375   3.53530859         2966   165065  15 0.0
37.4375 -118.8125   2.48877971         3341   179887  16 0.0
37.3125 -119.6875   0.17314757         1023    43456  17 0.0
37.3125 -119.5625   2.66170213         1235    44121  18 0.0
37.3125 -119.4375   3.54120509         1796    79315  19 0.0
37.3125 -119.3125   3.54120509         1530    91701  20 0.0
37.3125 -119.1875   3.54120510         2400   103065  21 0.0
37.3125 -119.0625   3.54120510         2465   115877  22 0.0
37.3125 -118.9375   3.54120511         2751   161578  23 0.0
37.3125 -118.8125   3.25682969         3391   179877  24 0.0
37.3125 -118.6875   1.06679144         3504   205824  25 0.0
37.1875 -119.8125   0.00653245          515    22789  26 0.0
37.1875 -119.6875   1.60125858          570    22604  27 0.0
37.1875 -119.5625   3.54708474          683    29324  28 0.0
37.1875 -119.4375   3.54708474          990    52557  29 0.0
37.1875 -119.3125   3.54708475         1453    76496  30 0.0
37.1875 -119.1875   3.13474799         2274    94935  31 0.0
37.1875 -119.0625   2.14561041         2786   113052  32 0.0
37.1875 -118.9375   1.46576010         2763   134991  33 0.0
37.1875 -118.8125   2.64579807         3123   186822  34 0.0
37.1875 -118.6875   2.18767634         3500   204376  35 0.0
37.0625 -119.8125   0.65686609          310     9389  36 0.0
37.0625 -119.6875   3.50366607          288     2630  37 0.0
37.0625 -119.5625   2.55706835          487    13093  38 0.0
37.0625 -119.4375   2.62268212          881    38307  39 0.0
37.0625 -119.3125   1.36320533         1567    78487  40 0.0
37.0625 -119.1875   0.34145062         1963    94935  41 0.0
37.0625 -118.8125   0.16436069         3350   208362  42 0.0
37.0625 -118.6875   0.45971636         3563   209449  43 0.0
36.9375 -119.6875   0.30085334          186        0  44 0.0
36.9375 -119.5625   0.02020099          403    13054  45 0.0
