38.5625 -120.0625   0.01466523         2559   123959   1 0.0
38.5625 -119.9375   0.40325435         2498   123805   2 0.0
38.5625 -119.8125   0.05356736         2748   143929   3 0.0
38.4375 -120.1875   0.99869737         1937    94072   4 0.0
38.4375 -120.0625   4.88426485         2120   100821   5 0.0
38.4375 -119.9375   5.76239042         2272   116557   6 0.0
38.4375 -119.8125   5.47360210         2423   127679   7 0.0
38.4375 -119.6875   2.18992705         2645   142994   8 0.0
38.3125 -120.3125   1.23843837         1382    73193   9 0.0
38.3125 -120.1875   5.53850964         1684    77622  10 0.0
38.3125 -120.0625   5.97338296         1908    90555  11 0.0
38.3125 -119.9375   5.97338297         2044   105050  12 0.0
38.3125 -119.8125   5.97338298         2373   121643  13 0.0
38.3125 -119.6875   5.33305755         2729   142377  14 0.0
38.3125 -119.5625   0.04121840         3128   161108  15 0.0
38.1875 -120.4375   1.68719735          805    46515  16 0.0
38.1875 -120.3125   5.82133263         1020    52257  17 0.0
38.1875 -120.1875   5.98366534         1360    67421  18 0.0
38.1875 -120.0625   4.45219159         1492    83802  19 0.0
38.1875 -119.9375   2.63183842         2190   103005  20 0.0
38.1875 -119.8125   2.01501801         2673   118970  21 0.0
38.1875 -119.6875   1.77054838         2862   152760  22 0.0
38.1875 -119.5625   0.09731649         3010   161338  23 0.0
38.0625 -120.6875   0.41156617          483    26219  24 0.0
38.0625 -120.5625   3.53610091          467    26065  25 0.0
38.0625 -120.4375   5.62244224          566    29024  26 0.0
38.0625 -120.3125   3.45485097          868    48681  27 0.0
38.0625 -120.1875   2.51989643         1247    65810  28 0.0
38.0625 -120.0625   0.02583635         1574    82923  29 0.0
37.9375 -120.6875   0.84028404          311    15666  30 0.0
37.9375 -120.5625   5.77656704          312     4027  31 0.0
37.9375 -120.4375   2.25795239          418    19827  32 0.0
37.8125 -120.6875   0.05589471          164        0  33 0.0
37.8125 -120.5625   0.89327422          288     2406  34 0.0
37.8125 -120.4375   0.29448472          386    19958  35 0.0
