39.3125 -120.8125   0.00024529         1445   110852   1 0.0
39.3125 -120.6875   0.92493863         1579   110760   2 0.0
39.3125 -120.5625   1.33176166         1892   122731   3 0.0
39.3125 -120.4375   1.15165917         1990   136971   4 0.0
39.3125 -120.3125   0.62564921         2107   152655   5 0.0
39.1875 -120.9375   0.23912987          825    79080   6 0.0
39.1875 -120.8125   2.02728148         1046    82448   7 0.0
39.1875 -120.6875   3.10647703         1297    96829   8 0.0
39.1875 -120.5625   3.10647704         1613   111887   9 0.0
39.1875 -120.4375   3.10647704         1845   127469  10 0.0
39.1875 -120.3125   2.73947773         2184   142933  11 0.0
39.1875 -120.1875   0.02087170         2471   167439  12 0.0
39.0625 -121.0625   0.00006072          669    55224  13 0.0
39.0625 -120.9375   2.37671985          648    55000  14 0.0
39.0625 -120.8125   3.11199459          917    66587  15 0.0
39.0625 -120.6875   3.11199460         1041    84710  16 0.0
39.0625 -120.5625   3.11199460         1474   102081  17 0.0
39.0625 -120.4375   3.11199460         1694   119015  18 0.0
39.0625 -120.3125   3.11076701         2001   147331  19 0.0
39.0625 -120.1875   0.74258472         2234   166899  20 0.0
38.9375 -121.0625   0.99901200          394    30616  21 0.0
38.9375 -120.9375   3.11749734          534    39452  22 0.0
38.9375 -120.8125   3.11749735          786    55715  23 0.0
38.9375 -120.6875   3.11749735         1064    81216  24 0.0
38.9375 -120.5625   3.11749735         1335    98285  25 0.0
38.9375 -120.4375   3.11749736         1608   116587  26 0.0
38.9375 -120.3125   3.11749736         1974   132771  27 0.0
38.9375 -120.1875   2.26926227         2388   150085  28 0.0
38.8125 -121.1875   0.11486206          147    10332  29 0.0
38.8125 -121.0625   2.87908452          298    11099  30 0.0
38.8125 -120.9375   3.12298526          389    27343  31 0.0
38.8125 -120.8125   3.12298526          619    46392  32 0.0
38.8125 -120.6875   3.12298527          916    70060  33 0.0
38.8125 -120.5625   3.09997879         1212    80691  34 0.0
38.8125 -120.4375   3.11491260         1448   108453  35 0.0
38.8125 -120.3125   3.12298528         1732   124898  36 0.0
38.8125 -120.1875   2.94640307         2173   140657  37 0.0
38.8125 -120.0625   1.40226963         2350   156469  38 0.0
38.6875 -121.1875   0.64090695          122        0  39 0.0
38.6875 -121.0625   1.55002022          264     8420  40 0.0
38.6875 -120.9375   1.77435448          412    28909  41 0.0
38.6875 -120.8125   1.74760410          569    45421  42 0.0
38.6875 -120.6875   1.28279654          828    61293  43 0.0
38.6875 -120.5625   0.21080379         1076    78345  44 0.0
38.6875 -120.4375   0.42011612         1486   112643  45 0.0
38.6875 -120.3125   1.75504230         1794   126410  46 0.0
38.6875 -120.1875   2.93492096         2040   141334  47 0.0
38.6875 -120.0625   2.44338598         2495   159378  48 0.0
38.6875 -119.9375   0.11147021         2723   177029  49 0.0
38.5625 -120.1875   0.01778181         2462   166393  50 0.0
38.5625 -120.0625   0.02952989         2474   166655  51 0.0
