39.34375 -123.03125   0.04906321          992   124530   1 0.0
39.34375 -122.96875   0.00335818         1194   125997   2 0.0
39.28125 -123.03125   0.27641565          829   121114   3 0.0
39.28125 -122.96875   1.42540779          845   113910   4 0.0
39.28125 -122.90625   0.78964940          899   116070   5 0.0
39.28125 -122.84375   0.08264525         1078   106760   6 0.0
39.28125 -122.78125   0.10463934          938   105140   7 0.0
39.28125 -122.71875   0.03408726         1607    99470   8 0.0
39.28125 -122.59375   0.02156470          952    65814   9 0.0
39.28125 -122.53125   0.01276180          876    65088  10 0.0
39.21875 -123.03125   0.39012778          682   111705  11 0.0
39.21875 -122.96875   1.50141392          666   106616  12 0.0
39.21875 -122.90625   1.52494587          686   102897  13 0.0
39.21875 -122.84375   1.46034760         1015   105588  14 0.0
39.21875 -122.78125   1.48374239          944    96734  15 0.0
39.21875 -122.71875   1.45715003          914    88439  16 0.0
39.21875 -122.65625   0.84391285          998    80887  17 0.0
39.21875 -122.59375   0.97707279          895    65459  18 0.0
39.21875 -122.53125   1.24020481          724    55283  19 0.0
39.21875 -122.46875   0.86806138          516    47926  20 0.0
39.21875 -122.40625   0.28359047          522    47441  21 0.0
39.15625 -123.09375   0.25788753          914   146012  22 0.0
39.15625 -123.03125   1.40179485          726   110636  23 0.0
39.15625 -122.96875   1.52630255          516   102113  24 0.0
39.15625 -122.90625   1.52630255          439    94357  25 0.0
39.15625 -122.84375   1.52630255          694    90985  26 0.0
39.15625 -122.78125   1.52630256         1097    75768  27 0.0
39.15625 -122.71875   1.52630256          853    68785  28 0.0
39.15625 -122.65625   1.52630256          819    62752  29 0.0
39.15625 -122.59375   1.52630256          727    62020  30 0.0
39.15625 -122.53125   1.52630256          583    47897  31 0.0
39.15625 -122.46875   1.52630256          588    39688  32 0.0
39.15625 -122.40625   0.55684579          452    38847  33 0.0
39.09375 -123.09375   0.64383108          798   145040  34 0.0
39.09375 -123.03125   1.52765742          679   114865  35 0.0
39.09375 -122.96875   1.52765742          503   101192  36 0.0
39.09375 -122.90625   1.52765742          433    91479  37 0.0
39.09375 -122.84375   1.52765742          425    84529  38 0.0
39.09375 -122.78125   1.52765742          670    74937  39 0.0
39.09375 -122.71875   1.52765742          689    66503  40 0.0
39.09375 -122.65625   1.52765742          651    57121  41 0.0
39.09375 -122.59375   1.52765742          596    52215  42 0.0
39.09375 -122.53125   1.52765742          554    46421  43 0.0
39.09375 -122.46875   1.52765742          740    33715  44 0.0
39.09375 -122.40625   0.77488998          426    31091  45 0.0
39.03125 -123.09375   0.01582796          941   144395  46 0.0
39.03125 -123.03125   1.27606138          812   133222  47 0.0
39.03125 -122.96875   1.52867463          538    96932  48 0.0
39.03125 -122.90625   1.52901047          424    89675  49 0.0
39.03125 -122.84375   1.52901047          416    82687  50 0.0
39.03125 -122.78125   1.52901047          453    74701  51 0.0
39.03125 -122.71875   1.52901047          527    70805  52 0.0
39.03125 -122.65625   1.52901047          529    53775  53 0.0
39.03125 -122.59375   1.52901047          496    43976  54 0.0
39.03125 -122.53125   1.52901047          507    42318  55 0.0
39.03125 -122.46875   1.52901047          624    32018  56 0.0
39.03125 -122.40625   1.43069144          515    22258  57 0.0
39.03125 -122.34375   0.76449385          451    18056  58 0.0
38.96875 -123.03125   0.01411126          821   146005  59 0.0
38.96875 -122.96875   1.04728881          612    98914  60 0.0
38.96875 -122.90625   1.53036170          478    90711  61 0.0
38.96875 -122.84375   1.53036170          448    85387  62 0.0
38.96875 -122.78125   1.53036170          722    73021  63 0.0
38.96875 -122.71875   1.53036170          478    65525  64 0.0
38.96875 -122.65625   1.53036170          457    58472  65 0.0
38.96875 -122.59375   1.53036170          497    43992  66 0.0
38.96875 -122.53125   1.53036170          483    35636  67 0.0
38.96875 -122.46875   1.53036170          456    24604  68 0.0
38.96875 -122.40625   1.53036170          473    13959  69 0.0
38.96875 -122.34375   1.39749387          445     8040  70 0.0
38.90625 -122.96875   0.25669041          756   106012  71 0.0
38.90625 -122.90625   1.08450148          612   101615  72 0.0
38.90625 -122.84375   1.53167811          616    94834  73 0.0
38.90625 -122.78125   1.53171111          759    73137  74 0.0
38.90625 -122.71875   1.38126710          704    65496  75 0.0
38.90625 -122.65625   1.50121420          556    57232  76 0.0
38.90625 -122.59375   1.53001559          452    48086  77 0.0
38.90625 -122.53125   0.67569736          669    38374  78 0.0
38.90625 -122.46875   1.27890382          772    25205  79 0.0
38.90625 -122.40625   1.30887388          587    14403  80 0.0
38.90625 -122.34375   1.52565674          469     3234  81 0.0
38.90625 -122.28125   0.44243157          463        0  82 0.0
38.84375 -122.84375   0.31218498          900   104971  83 0.0
38.84375 -122.78125   1.21291829          825   106736  84 0.0
38.84375 -122.71875   0.88846161          917   110535  85 0.0
38.84375 -122.65625   0.40441426          613    62122  86 0.0
38.84375 -122.59375   0.72072421          536    59137  87 0.0
38.84375 -122.40625   0.17042680          659    29085  88 0.0
38.84375 -122.34375   0.86089587          578     7609  89 0.0
38.84375 -122.28125   0.32607352          608     7161  90 0.0
38.78125 -122.78125   0.02551772         1274   123072  91 0.0
38.78125 -122.71875   0.07105020         1313   123411  92 0.0
