37.46875 -119.71875   0.13162392         1610    68655   1 0.0
37.46875 -119.65625   3.51444087         1574    72752   2 0.0
37.46875 -119.59375   1.58987054         1770    79290   3 0.0
37.40625 -119.78125   0.85539103          871    54770   4 0.0
37.40625 -119.71875   4.22719386          949    54616   5 0.0
37.40625 -119.65625   5.35133942         1191    60478   6 0.0
37.40625 -119.59375   4.80184207         1432    70703   7 0.0
37.34375 -119.78125   2.23827073          702    43322   8 0.0
37.34375 -119.71875   5.35580028          744    44888   9 0.0
37.34375 -119.65625   5.35580028          814    59029  10 0.0
37.34375 -119.59375   3.22502019         1022    67162  11 0.0
37.28125 -119.84375   0.32522483          560    36381  12 0.0
37.28125 -119.78125   4.69305827          512    33418  13 0.0
37.28125 -119.71875   5.36025477          784    35524  14 0.0
37.28125 -119.65625   4.31233147          934    51187  15 0.0
37.28125 -119.59375   2.09803033         1010    61023  16 0.0
37.21875 -119.90625   2.29459192          302    18692  17 0.0
37.21875 -119.84375   4.25344093          443    19223  18 0.0
37.21875 -119.78125   5.36470287          421    22655  19 0.0
37.21875 -119.71875   5.36470287          616    31837  20 0.0
37.21875 -119.65625   2.29848726          738    39992  21 0.0
37.15625 -119.96875   0.00294097          221    11233  22 0.0
37.15625 -119.90625   3.73850163          212     9111  23 0.0
37.15625 -119.84375   5.24794603          293    10335  24 0.0
37.15625 -119.78125   5.22479782          395    21645  25 0.0
37.15625 -119.71875   3.96228661          467    29986  26 0.0
37.15625 -119.65625   0.15155727          695    38448  27 0.0
37.09375 -119.90625   4.48519773          139        0  28 0.0
37.09375 -119.84375   3.79958689          250     6427  29 0.0
37.09375 -119.78125   0.17973082          457    28481  30 0.0
37.09375 -119.71875   0.03417265          472    33757  31 0.0
37.03125 -119.90625   0.16186290          123      856  32 0.0
