39.34375 -120.78125   0.01863006         1565    97282   1 0.0
39.34375 -120.71875   0.46738522         1615    97637   2 0.0
39.34375 -120.65625   0.21469182         1553   103392   3 0.0
39.28125 -120.96875   0.07070773         1087    79897   4 0.0
39.28125 -120.90625   1.74902709         1016    79085   5 0.0
39.28125 -120.84375   3.27441310         1227    81392   6 0.0
39.28125 -120.78125   3.87594320         1277    86244   7 0.0
39.28125 -120.71875   3.46007423         1453    93179   8 0.0
39.28125 -120.65625   0.66775230         1499   102274   9 0.0
39.21875 -121.09375   1.59980433          733    54660  10 0.0
39.21875 -121.03125   4.21896686          841    54963  11 0.0
39.21875 -120.96875   4.62284344          883    57035  12 0.0
39.21875 -120.90625   5.12481245          886    69574  13 0.0
39.21875 -120.84375   4.78442613         1017    74905  14 0.0
39.21875 -120.78125   1.87846227         1218    84054  15 0.0
39.15625 -121.09375   3.35757447          654    44846  16 0.0
39.15625 -121.03125   5.12937178          698    46195  17 0.0
39.15625 -120.96875   5.12897463          733    50909  18 0.0
39.15625 -120.90625   3.55089226          815    63982  19 0.0
39.15625 -120.84375   0.46173689          929    73492  20 0.0
39.09375 -121.34375   0.04962805           99     4298  21 0.0
39.09375 -121.28125   1.57419628          144     4391  22 0.0
39.09375 -121.21875   1.91530234          313    10862  23 0.0
39.09375 -121.15625   1.67458141          446    19820  24 0.0
39.09375 -121.09375   4.78614163          515    33520  25 0.0
39.09375 -121.03125   5.13392502          589    38998  26 0.0
39.09375 -120.96875   3.19456418          660    48796  27 0.0
39.03125 -121.34375   0.40078474           89        0  28 0.0
39.03125 -121.28125   3.80076582          136     2160  29 0.0
39.03125 -121.21875   4.89155066          251    10786  30 0.0
39.03125 -121.15625   5.12861391          374    19373  31 0.0
39.03125 -121.09375   4.86560837          457    28343  32 0.0
39.03125 -121.03125   5.13807428          547    37518  33 0.0
39.03125 -120.96875   1.65940487          657    46505  34 0.0
38.96875 -121.21875   0.29749646          269    16995  35 0.0
38.96875 -121.15625   0.75639153          381    20482  36 0.0
38.96875 -121.09375   0.08582299          600    36876  37 0.0
38.96875 -121.03125   0.99065720          573    38381  38 0.0
