38.90625 -122.71875   0.25005413          803    97498   1 0.0
38.90625 -122.65625   0.05081651          671    96379   2 0.0
38.90625 -122.59375   0.00284613          599    83989   3 0.0
38.90625 -122.53125   1.42249802          561    76837   4 0.0
38.90625 -122.46875   0.42018045          732    75546   5 0.0
38.90625 -122.40625   0.37049215          735    74198   6 0.0
38.84375 -122.71875   1.07127344          894    94829   7 0.0
38.84375 -122.65625   1.87548966          670    85271   8 0.0
38.84375 -122.59375   1.35007650          468    79732   9 0.0
38.84375 -122.53125   2.54776598          474    68391  10 0.0
38.84375 -122.46875   2.54776598          523    63706  11 0.0
38.84375 -122.40625   2.26433092          550    61855  12 0.0
38.84375 -122.34375   1.11705687          495    57895  13 0.0
38.84375 -122.28125   0.58425463          567    57231  14 0.0
38.78125 -122.71875   1.92049076          790   101262  15 0.0
38.78125 -122.65625   2.55000248          561    84861  16 0.0
38.78125 -122.59375   2.55000248          347    75715  17 0.0
38.78125 -122.53125   2.55000248          351    67087  18 0.0
38.78125 -122.46875   2.55000248          321    54981  19 0.0
38.78125 -122.40625   2.55000249          354    49341  20 0.0
38.78125 -122.34375   2.55000249          503    42274  21 0.0
38.78125 -122.28125   2.25145287          407    41587  22 0.0
38.78125 -122.21875   0.01448580          697    45984  23 0.0
38.71875 -122.71875   0.42716711          878   101294  24 0.0
38.71875 -122.65625   1.95677430          576    93068  25 0.0
38.71875 -122.59375   2.55223595          473    81784  26 0.0
38.71875 -122.53125   2.55223595          413    57969  27 0.0
38.71875 -122.46875   2.55223595          364    49545  28 0.0
38.71875 -122.40625   2.55223595          258    40904  29 0.0
38.71875 -122.34375   2.55223595          347    35621  30 0.0
38.71875 -122.28125   2.55223595          264    31667  31 0.0
38.71875 -122.21875   1.02027210          445    33041  32 0.0
38.65625 -122.65625   0.06328003          965   103892  33 0.0
38.65625 -122.59375   1.46603996          705    65439  34 0.0
38.65625 -122.53125   2.52800731          619    56380  35 0.0
38.65625 -122.46875   2.55446638          294    48454  36 0.0
38.65625 -122.40625   2.55446638          287    39605  37 0.0
38.65625 -122.34375   2.55446638          259    30424  38 0.0
38.65625 -122.28125   2.55446638          184    23720  39 0.0
38.65625 -122.21875   2.40078415          366    22952  40 0.0
38.65625 -122.15625   0.52114863          607    26349  41 0.0
38.59375 -122.53125   0.24963411          681    58422  42 0.0
38.59375 -122.46875   0.87215426          493    50931  43 0.0
38.59375 -122.40625   2.22044439          290    42252  44 0.0
38.59375 -122.34375   2.51410620          304    30002  45 0.0
38.59375 -122.28125   2.55669377          312    21210  46 0.0
38.59375 -122.21875   2.55669377          178    14160  47 0.0
38.59375 -122.15625   2.20333714          454     9484  48 0.0
38.59375 -122.09375   0.01943602          656    10610  49 0.0
38.53125 -122.40625   0.09900279          364    50222  50 0.0
38.53125 -122.34375   0.24688198          422    48084  51 0.0
38.53125 -122.28125   1.62184994          442    20467  52 0.0
38.53125 -122.21875   2.55891812          203    12540  53 0.0
38.53125 -122.15625   2.55891812          224     2377  54 0.0
38.53125 -122.09375   0.51309849          311        0  55 0.0
38.46875 -122.28125   0.69649136          518    23885  56 0.0
38.46875 -122.21875   2.56108417          325    19002  57 0.0
38.46875 -122.15625   2.54004175          322     3186  58 0.0
38.46875 -122.09375   0.39874211          443     2962  59 0.0
38.40625 -122.21875   1.18536764          397    32146  60 0.0
38.40625 -122.15625   0.55100335          465    18420  61 0.0
