38.78125 -120.53125   0.08114696         1282    86333   1 0.0
38.78125 -120.46875   0.02867364         1293    90666   2 0.0
38.71875 -120.84375   0.11486961          544    53334   3 0.0
38.71875 -120.78125   0.15116964          573    53203   4 0.0
38.71875 -120.71875   0.33290229          802    60195   5 0.0
38.71875 -120.65625   0.72301505          840    66388   6 0.0
38.71875 -120.59375   1.99038740         1056    71821   7 0.0
38.71875 -120.53125   2.72189411         1215    80021   8 0.0
38.71875 -120.46875   2.61075342         1396    90081   9 0.0
38.71875 -120.40625   1.37276967         1598    97891  10 0.0
38.71875 -120.34375   0.32249835         1799   108012  11 0.0
38.65625 -120.96875   0.32724932          420    28007  12 0.0
38.65625 -120.90625   1.98215051          416    28113  13 0.0
38.65625 -120.84375   1.98834486          476    30535  14 0.0
38.65625 -120.78125   2.55678312          581    43961  15 0.0
38.65625 -120.71875   2.64857248          642    49876  16 0.0
38.65625 -120.65625   2.72570940          735    56759  17 0.0
38.65625 -120.59375   2.72570940          927    64886  18 0.0
38.65625 -120.53125   2.72570940         1189    79628  19 0.0
38.65625 -120.46875   2.72570940         1453    89682  20 0.0
38.65625 -120.40625   2.72570940         1626    93544  21 0.0
38.65625 -120.34375   2.66325796         1789    98945  22 0.0
38.65625 -120.28125   1.79974894         2052   110811  23 0.0
38.65625 -120.21875   0.20503512         2275   116004  24 0.0
38.59375 -121.03125   0.03378361          237    11719  25 0.0
38.59375 -120.96875   1.29867928          319    12051  26 0.0
38.59375 -120.90625   2.72808610          303    18532  27 0.0
38.59375 -120.84375   2.72808610          407    26771  28 0.0
38.59375 -120.78125   2.72808610          494    36492  29 0.0
38.59375 -120.71875   2.72808610          625    44734  30 0.0
38.59375 -120.65625   2.72808611          759    53352  31 0.0
38.59375 -120.59375   2.72808611          964    62818  32 0.0
38.59375 -120.53125   2.72808611         1164    70804  33 0.0
38.59375 -120.46875   2.72808611         1348    81746  34 0.0
38.59375 -120.40625   2.72808611         1502    90141  35 0.0
38.59375 -120.34375   2.72808611         1677    97951  36 0.0
38.59375 -120.28125   2.51581244         1921   106090  37 0.0
38.59375 -120.21875   0.49805064         2169   114208  38 0.0
38.53125 -121.03125   1.56116374          136        0  39 0.0
38.53125 -120.96875   2.72511560          197     5733  40 0.0
38.53125 -120.90625   2.73045956          231    14413  41 0.0
38.53125 -120.84375   2.73045956          383    23971  42 0.0
38.53125 -120.78125   2.31888818          518    36617  43 0.0
38.53125 -120.71875   2.21402822          670    44695  44 0.0
38.53125 -120.65625   2.65211021          807    54100  45 0.0
38.53125 -120.59375   2.72997396          948    61933  46 0.0
38.53125 -120.53125   2.57541835         1120    69743  47 0.0
38.53125 -120.46875   2.01095093         1291    77268  48 0.0
38.53125 -120.40625   1.17072650         1466    90764  49 0.0
38.53125 -120.34375   0.73325242         1712    98181  50 0.0
38.53125 -120.28125   0.21655518         1939   106468  51 0.0
38.46875 -121.03125   0.11255048          123      224  52 0.0
38.46875 -120.96875   0.95187432          161     7059  53 0.0
38.46875 -120.90625   1.25301444          234    16186  54 0.0
38.46875 -120.84375   1.14605015          353    24588  55 0.0
38.46875 -120.78125   0.14408135          464    42490  56 0.0
38.46875 -120.65625   0.00909235          896    63256  57 0.0
38.46875 -120.59375   0.12973187          986    65094  58 0.0
38.46875 -120.53125   0.00754612         1088    71999  59 0.0
