37.59375 -119.90625   0.07359073         1303    80777   1 0.0
37.59375 -119.84375   0.00161005         1334    81186   2 0.0
37.53125 -119.90625   1.91641739          942    67865   3 0.0
37.53125 -119.84375   4.27540758         1084    64490   4 0.0
37.53125 -119.78125   1.56798381         1396    64736   5 0.0
37.53125 -119.71875   1.11038673         1685    68616   6 0.0
37.46875 -119.90625   4.19572596          744    59125   7 0.0
37.46875 -119.84375   5.59549320          827    56002   8 0.0
37.46875 -119.78125   5.59549320          992    56194   9 0.0
37.46875 -119.71875   5.32313850         1248    60745  10 0.0
37.46875 -119.65625   0.02639097         1722    70396  11 0.0
37.40625 -120.03125   0.00233841          614    34959  12 0.0
37.40625 -119.96875   0.95012263          660    33188  13 0.0
37.40625 -119.90625   5.09020749          577    43849  14 0.0
37.40625 -119.84375   5.60016814          610    47268  15 0.0
37.40625 -119.78125   4.70502139          748    48611  16 0.0
37.40625 -119.71875   1.17648890         1064    59010  17 0.0
37.34375 -120.03125   0.61214465          414    22351  18 0.0
37.34375 -119.96875   5.59888133          482    24886  19 0.0
37.34375 -119.90625   5.60483642          421    24816  20 0.0
37.34375 -119.84375   5.60483643          416    33604  21 0.0
37.34375 -119.78125   3.26247969          557    39122  22 0.0
37.28125 -120.03125   1.45672860          301    13192  23 0.0
37.28125 -119.96875   5.60949804          300    13710  24 0.0
37.28125 -119.90625   5.60949804          309    17657  25 0.0
37.28125 -119.84375   5.26901845          413    27787  26 0.0
37.28125 -119.78125   0.69821447          504    38643  27 0.0
37.21875 -120.03125   4.67142745          187      725  28 0.0
37.21875 -119.96875   5.09709579          213     7184  29 0.0
37.21875 -119.90625   1.62362361          331    16410  30 0.0
37.21875 -119.84375   1.16303128          440    30009  31 0.0
37.15625 -120.03125   0.57530905          165        0  32 0.0
37.15625 -119.96875   0.33739160          221     7839  33 0.0
