38.65625 -120.21875   0.12087506         2283    88067   1 0.0
38.65625 -120.15625   0.34195137         2376    88575   2 0.0
38.65625 -120.09375   0.05345703         2687    97395   3 0.0
38.65625 -120.03125   1.25344682         2576   109477   4 0.0
38.65625 -119.96875   1.31631427         2597   112177   5 0.0
38.65625 -119.90625   0.13762180         2597   128138   6 0.0
38.59375 -120.28125   0.20865992         2047    76540   7 0.0
38.59375 -120.21875   2.19200304         2091    76655   8 0.0
38.59375 -120.15625   2.62056581         2364    83136   9 0.0
38.59375 -120.09375   2.58036328         2479    90406  10 0.0
38.59375 -120.03125   2.68155989         2254   100797  11 0.0
38.59375 -119.96875   2.68155989         2465   106537  12 0.0
38.59375 -119.90625   1.94401811         2446   115424  13 0.0
38.59375 -119.84375   0.91632983         2592   125625  14 0.0
38.53125 -120.53125   0.00478626         1263    46261  15 0.0
38.53125 -120.46875   0.68849282         1353    46223  16 0.0
38.53125 -120.40625   1.53315244         1447    48105  17 0.0
38.53125 -120.34375   1.96315103         1585    55637  18 0.0
38.53125 -120.28125   2.47100737         1742    63700  19 0.0
38.53125 -120.21875   2.68389287         1871    71180  20 0.0
38.53125 -120.15625   2.68389287         2029    77795  21 0.0
38.53125 -120.09375   2.68389287         2149    85729  22 0.0
38.53125 -120.03125   2.65746664         2134    93453  23 0.0
38.53125 -119.96875   2.27698030         2345   104549  24 0.0
38.53125 -119.90625   2.36366728         2386   115332  25 0.0
38.53125 -119.84375   2.40451566         2564   123420  26 0.0
38.53125 -119.78125   0.83912211         2654   131675  27 0.0
38.46875 -120.53125   1.08003702         1019    32538  28 0.0
38.46875 -120.46875   2.68622265         1119    36527  29 0.0
38.46875 -120.40625   2.68622265         1240    45500  30 0.0
38.46875 -120.34375   2.68622265         1302    50674  31 0.0
38.46875 -120.28125   2.68622265         1420    62152  32 0.0
38.46875 -120.21875   2.68622265         1680    70100  33 0.0
38.46875 -120.15625   2.64067257         1933    77757  34 0.0
38.46875 -120.09375   1.60227864         2160    85320  35 0.0
38.46875 -120.03125   0.34228547         2371    94680  36 0.0
38.46875 -119.90625   0.36093338         2579   124638  37 0.0
38.46875 -119.84375   0.06849740         2756   127824  38 0.0
38.46875 -119.78125   0.51989145         2668   136149  39 0.0
38.40625 -120.65625   0.13768505          722    16627  40 0.0
38.40625 -120.59375   1.72097782          697    17091  41 0.0
38.40625 -120.53125   2.60008748          828    22878  42 0.0
38.40625 -120.46875   2.68854924         1012    31583  43 0.0
38.40625 -120.40625   2.68854924         1180    39099  44 0.0
38.40625 -120.34375   2.68854924         1395    48063  45 0.0
38.40625 -120.28125   2.68854925         1600    55972  46 0.0
38.40625 -120.21875   2.61363229         1828    64274  47 0.0
38.40625 -120.15625   1.00869552         2088    71953  48 0.0
38.34375 -120.71875   0.37081978          370        0  49 0.0
38.34375 -120.65625   1.35486364          468     3921  50 0.0
38.34375 -120.59375   1.46684024          677    12207  51 0.0
38.34375 -120.53125   1.70228604          796    22801  52 0.0
38.34375 -120.46875   2.06491958          897    30480  53 0.0
38.34375 -120.40625   2.68208282         1113    38760  54 0.0
38.34375 -120.34375   2.69087264         1446    47516  55 0.0
38.34375 -120.28125   2.18939142         1603    55758  56 0.0
38.34375 -120.21875   0.78371364         1760    64390  57 0.0
38.28125 -120.71875   0.29250840          446       93  58 0.0
38.28125 -120.65625   0.14947885          475     5263  59 0.0
38.28125 -120.40625   0.36189563         1175    44305  60 0.0
38.28125 -120.34375   0.69374834         1347    47702  61 0.0
38.28125 -120.28125   0.01284806         1580    55796  62 0.0
