38.1875 -120.0625   0.97693397         1733    92212   1 0.0
38.1875 -119.9375   2.13854212         2149   106609   2 0.0
38.1875 -119.8125   2.53210729         2541   136669   3 0.0
38.1875 -119.6875   2.67300817         2781   143435   4 0.0
38.1875 -119.5625   1.14157320         3000   155352   5 0.0
38.1875 -119.4375   0.09382926         3078   166770   6 0.0
38.0625 -120.4375   0.23637024          694    55564   7 0.0
38.0625 -120.3125   1.61997460          933    58727   8 0.0
38.0625 -120.1875   2.21664920         1267    63907   9 0.0
38.0625 -120.0625   3.80777648         1630    76783  10 0.0
38.0625 -119.9375   3.82423578         1915   104394  11 0.0
38.0625 -119.8125   3.82423578         2150   116746  12 0.0
38.0625 -119.6875   3.82423579         2496   129638  13 0.0
38.0625 -119.5625   3.82423579         2758   144338  14 0.0
38.0625 -119.4375   3.35790132         3001   162833  15 0.0
38.0625 -119.3125   1.15778144         3133   177019  16 0.0
37.9375 -120.4375   2.39002179          462    35040  17 0.0
37.9375 -120.3125   3.83075975          656    34870  18 0.0
37.9375 -120.1875   3.83075975          910    51255  19 0.0
37.9375 -120.0625   3.83075976         1267    67745  20 0.0
37.9375 -119.9375   3.83075976         1368    89806  21 0.0
37.9375 -119.8125   3.83075977         1616   105423  22 0.0
37.9375 -119.6875   3.83075977         2016   125512  23 0.0
37.9375 -119.5625   3.45141108         2356   141676  24 0.0
37.9375 -119.4375   3.83075978         2672   157841  25 0.0
37.9375 -119.3125   2.71600190         3048   175245  26 0.0
37.9375 -119.1875   0.30636527         3396   192806  27 0.0
37.8125 -120.4375   2.76882283          338    12806  28 0.0
37.8125 -120.3125   3.83666408          540    13743  29 0.0
37.8125 -120.1875   3.06999527          901    48785  30 0.0
37.8125 -120.0625   1.99180561          834    68838  31 0.0
37.8125 -119.9375   3.16847519         1319    87530  32 0.0
37.8125 -119.8125   3.35946811         1711   104934  33 0.0
37.8125 -119.6875   1.93793933         2285   121169  34 0.0
37.8125 -119.5625   0.15873286         2615   143942  35 0.0
37.8125 -119.4375   0.57447947         2859   166738  36 0.0
37.8125 -119.3125   2.77939102         3080   176255  37 0.0
37.8125 -119.1875   0.96059069         3379   193123  38 0.0
37.6875 -120.4375   1.09088712          254        0  39 0.0
37.6875 -120.3125   1.31094197          364    11428  40 0.0
37.6875 -120.1875   0.00106699          706    51061  41 0.0
37.6875 -119.3125   0.06223067         3658   200991  42 0.0
