40.5625 -121.1875   0.10483588         2103   189072   1 0.0
40.5625 -121.0625   0.16281091         1914   197495   2 0.0
40.4375 -121.5625   0.00484934         2643   210562   3 0.0
40.4375 -121.4375   1.22613553         1996   186290   4 0.0
40.4375 -121.3125   1.15919272         1896   171355   5 0.0
40.4375 -121.1875   1.50185861         1993   166828   6 0.0
40.4375 -121.0625   1.30030184         1804   165859   7 0.0
40.4375 -120.9375   0.35526869         1753   178982   8 0.0
40.3125 -121.4375   0.30211167         1696   184570   9 0.0
40.3125 -121.3125   1.41395162         1580   149028  10 0.0
40.3125 -121.1875   1.56359704         1487   148897  11 0.0
40.3125 -121.0625   1.56359705         1590   148407  12 0.0
40.3125 -120.9375   1.56359705         1627   163702  13 0.0
40.3125 -120.8125   0.68265619         1865   178446  14 0.0
40.3125 -120.6875   0.69884484         1957   185524  15 0.0
40.3125 -120.5625   0.21936313         2014   213234  16 0.0
40.1875 -121.4375   0.40165872         1927   132678  17 0.0
40.1875 -121.3125   1.52755506         1620   121982  18 0.0
40.1875 -121.1875   1.56648755         1443   121697  19 0.0
40.1875 -121.0625   1.56648755         1534   127008  20 0.0
40.1875 -120.9375   1.56648755         1502   155818  21 0.0
40.1875 -120.8125   1.56648755         1505   157356  22 0.0
40.1875 -120.6875   1.56648755         1814   172951  23 0.0
40.1875 -120.5625   1.54619551         1771   195021  24 0.0
40.1875 -120.4375   0.66762189         1867   219341  25 0.0
40.1875 -120.3125   0.00493226         1863   235217  26 0.0
40.0625 -121.5625   0.14800564         1550    82900  27 0.0
40.0625 -121.4375   0.90083185         1856    83453  28 0.0
40.0625 -121.3125   1.56230608         1631    92858  29 0.0
40.0625 -121.1875   1.56937059         1262   101292  30 0.0
40.0625 -121.0625   1.56937059         1399   118737  31 0.0
40.0625 -120.9375   1.56937060         1381   135637  32 0.0
40.0625 -120.8125   1.56937060         1461   155514  33 0.0
40.0625 -120.6875   1.56937060         1589   173043  34 0.0
40.0625 -120.5625   1.56937060         1764   191010  35 0.0
40.0625 -120.4375   1.56937060         1812   209175  36 0.0
40.0625 -120.3125   1.43702664         1943   227905  37 0.0
40.0625 -120.1875   0.37828235         1920   242471  38 0.0
39.9375 -121.5625   0.73959186         1150    59600  39 0.0
39.9375 -121.4375   1.57224616         1491    65797  40 0.0
39.9375 -121.3125   1.57224617         1290    74885  41 0.0
39.9375 -121.1875   1.57224617         1755    92608  42 0.0
39.9375 -121.0625   1.57224617         1395    95143  43 0.0
39.9375 -120.9375   1.57224617         1341   101493  44 0.0
39.9375 -120.8125   1.57224617         1536   115266  45 0.0
39.9375 -120.6875   1.57224618         1886   127762  46 0.0
39.9375 -120.5625   1.57224618         1863   142561  47 0.0
39.9375 -120.4375   1.57224618         1789   188371  48 0.0
39.9375 -120.3125   1.57224618         1990   193701  49 0.0
39.9375 -120.1875   1.39939649         1884   215266  50 0.0
39.9375 -120.0625   0.11910891         2129   225560  51 0.0
39.8125 -121.5625   0.92460701          763    41950  52 0.0
39.8125 -121.4375   1.57511426          957    46146  53 0.0
39.8125 -121.3125   1.57511426         1340    51163  54 0.0
39.8125 -121.1875   1.57511426         1547    63048  55 0.0
39.8125 -121.0625   1.57511426         1493    72146  56 0.0
39.8125 -120.9375   1.51907044         1642    85830  57 0.0
39.8125 -120.8125   1.52275229         1696   100712  58 0.0
39.8125 -120.6875   1.57511427         1581   126426  59 0.0
39.8125 -120.5625   1.57511427         1701   142469  60 0.0
39.8125 -120.4375   1.57511427         1634   168403  61 0.0
39.8125 -120.3125   1.57511428         1581   185791  62 0.0
39.8125 -120.1875   1.57508449         1589   200306  63 0.0
39.8125 -120.0625   0.18416189         1723   219411  64 0.0
39.6875 -121.5625   0.77536845          446    20948  65 0.0
39.6875 -121.4375   1.57797485          614    20017  66 0.0
39.6875 -121.3125   1.57797486          860    32507  67 0.0
39.6875 -121.1875   1.57797486         1229    42698  68 0.0
39.6875 -121.0625   1.39283899         1512    60941  69 0.0
39.6875 -120.9375   0.28153582         1638    83509  70 0.0
39.6875 -120.8125   0.22388272         1987   128929  71 0.0
39.6875 -120.6875   0.83224523         1939   133528  72 0.0
39.6875 -120.5625   1.01276598         1698   152178  73 0.0
39.6875 -120.4375   1.56471287         1604   167499  74 0.0
39.6875 -120.3125   1.57797487         1565   192007  75 0.0
39.6875 -120.1875   1.40428215         1749   202877  76 0.0
39.6875 -120.0625   0.00066328         2598   225150  77 0.0
39.5625 -121.5625   0.49786132          271        0  78 0.0
39.5625 -121.4375   1.44032906          381     7979  79 0.0
39.5625 -121.3125   1.46517609          593    23392  80 0.0
39.5625 -121.1875   1.21686293         1028    40475  81 0.0
39.5625 -121.0625   0.26633377         1175    57365  82 0.0
39.5625 -120.4375   1.04950294         1893   209117  83 0.0
39.5625 -120.3125   1.51136932         1851   210490  84 0.0
39.5625 -120.1875   1.04949276         2016   215320  85 0.0
39.5625 -120.0625   0.09666314         2419   225652  86 0.0
39.4375 -121.4375   0.00268331          581    29371  87 0.0
39.4375 -121.3125   0.07306613          674    28962  88 0.0
39.4375 -120.4375   0.00212647         2293   228503  89 0.0
39.4375 -120.3125   0.00576852         2172   228618  90 0.0
