39.8125 -120.9375   0.18399551         1868   102948   1 0.0
39.8125 -120.8125   0.17233417         1972   105731   2 0.0
39.6875 -121.0625   0.60730896         1432    74668   3 0.0
39.6875 -120.9375   4.25230559         1584    82267   4 0.0
39.6875 -120.8125   4.44082130         1772    93385   5 0.0
39.6875 -120.6875   2.44591942         1967   109785   6 0.0
39.6875 -120.5625   1.85403723         2074   130880   7 0.0
39.6875 -120.4375   0.04381187         2211   143127   8 0.0
39.5625 -121.1875   0.82251623          987    48923   9 0.0
39.5625 -121.0625   4.31151793         1084    49840  10 0.0
39.5625 -120.9375   5.18514411         1305    71344  11 0.0
39.5625 -120.8125   5.18514412         1389    72495  12 0.0
39.5625 -120.6875   5.18514412         1774    89972  13 0.0
39.5625 -120.5625   5.18514413         1951   106861  14 0.0
39.5625 -120.4375   1.49402962         2225   122890  15 0.0
39.4375 -121.1875   3.40459562          766    24604  16 0.0
39.4375 -121.0625   5.19447759          806    31634  17 0.0
39.4375 -120.9375   5.19447760         1162    50076  18 0.0
39.4375 -120.8125   5.19447761         1348    62843  19 0.0
39.4375 -120.6875   5.19447761         1738    78870  20 0.0
39.4375 -120.5625   5.19447762         2066    94656  21 0.0
39.4375 -120.4375   3.29109285         2218   116164  22 0.0
39.4375 -120.3125   0.19419025         2494   132354  23 0.0
39.3125 -121.3125   0.86820610          390     1937  24 0.0
39.3125 -121.1875   4.87182477          488     4506  25 0.0
39.3125 -121.0625   4.46644017          717    24683  26 0.0
39.3125 -120.9375   3.22235351          958    41589  27 0.0
39.3125 -120.8125   2.34444115         1124    60584  28 0.0
39.3125 -120.6875   2.42900077         1476    77473  29 0.0
39.3125 -120.5625   2.96896351         1854    94695  30 0.0
39.3125 -120.4375   3.27111309         2122   113902  31 0.0
39.3125 -120.3125   1.04658635         2259   130932  32 0.0
39.1875 -121.3125   0.17824891          252        0  33 0.0
39.1875 -121.1875   0.10028762          379     3263  34 0.0
39.1875 -121.0625   0.00109299          735    26697  35 0.0
