42.4375 -120.5625   0.02575108         2068   484784   1 0.0
42.4375 -120.4375   0.22377514         1881   481021   2 0.0
42.3125 -120.8125   0.30987652         1730   483025   3 0.0
42.3125 -120.6875   0.57584382         1896   478710   4 0.0
42.3125 -120.5625   0.70650969         1817   467553   5 0.0
42.3125 -120.4375   0.73965504         1635   463048   6 0.0
42.3125 -120.3125   0.34471197         1584   465110   7 0.0
42.1875 -120.8125   0.42121470         1665   480618   8 0.0
42.1875 -120.6875   0.74112226         1608   459937   9 0.0
42.1875 -120.5625   0.74112226         1617   448440  10 0.0
42.1875 -120.4375   0.74112226         1466   444396  11 0.0
42.1875 -120.3125   0.57783356         1680   447314  12 0.0
42.0625 -120.9375   0.07825976         1692   504310  13 0.0
42.0625 -120.8125   0.32040062         1697   480151  14 0.0
42.0625 -120.6875   0.63186519         1705   453222  15 0.0
42.0625 -120.5625   0.74258595         1581   432957  16 0.0
42.0625 -120.4375   0.74258595         1436   430229  17 0.0
42.0625 -120.3125   0.74258595         1611   433415  18 0.0
42.0625 -120.1875   0.10862568         2126   445787  19 0.0
41.9375 -120.6875   0.05931311         1687   453768  20 0.0
41.9375 -120.5625   0.50944421         1615   418787  21 0.0
41.9375 -120.4375   0.74404610         1434   416330  22 0.0
41.9375 -120.3125   0.73518142         1620   419516  23 0.0
41.9375 -120.1875   0.13548381         2118   440646  24 0.0
41.8125 -120.6875   0.00382212         1535   392907  25 0.0
41.8125 -120.5625   0.39579756         1549   394728  26 0.0
41.8125 -120.4375   0.74550272         1438   402355  27 0.0
41.8125 -120.3125   0.74550272         1706   409259  28 0.0
41.8125 -120.1875   0.19747502         1834   440445  29 0.0
41.6875 -120.8125   0.22993418         1514   346375  30 0.0
41.6875 -120.6875   0.70423704         1528   351683  31 0.0
41.6875 -120.5625   0.72724517         1531   371287  32 0.0
41.6875 -120.4375   0.74695578         1472   373841  33 0.0
41.6875 -120.3125   0.60897740         1869   389381  34 0.0
41.6875 -120.1875   0.01053141         2079   445703  35 0.0
41.5625 -122.1875   0.00641521         2173   168677  36 0.0
41.5625 -122.0625   0.00049759         2181   166347  37 0.0
41.5625 -121.8125   0.21734644         1821   157748  38 0.0
41.5625 -121.6875   0.46611246         1869   260858  39 0.0
41.5625 -121.5625   0.65676132         1998   254247  40 0.0
41.5625 -121.4375   0.04891459         1840   264947  41 0.0
41.5625 -121.0625   0.26958225         1496   304587  42 0.0
41.5625 -120.9375   0.45572277         1522   305744  43 0.0
41.5625 -120.8125   0.61500940         1489   317995  44 0.0
41.5625 -120.6875   0.74840529         1520   329572  45 0.0
41.5625 -120.5625   0.74840529         1466   347227  46 0.0
41.5625 -120.4375   0.74840529         1463   363713  47 0.0
41.5625 -120.3125   0.59956381         1865   381775  48 0.0
41.4375 -122.4375   0.00802086         1200   119033  49 0.0
41.4375 -122.3125   0.05862443         1961   116193  50 0.0
41.4375 -122.1875   0.40893711         2620   111060  51 0.0
41.4375 -122.0625   0.62086293         1790   122786  52 0.0
41.4375 -121.9375   0.61062019         1588   134504  53 0.0
41.4375 -121.8125   0.74985123         1557   142861  54 0.0
41.4375 -121.6875   0.74985123         1462   239292  55 0.0
41.4375 -121.5625   0.74985123         1459   237396  56 0.0
41.4375 -121.4375   0.39368974         1390   241682  57 0.0
41.4375 -121.3125   0.31586953         1347   273657  58 0.0
41.4375 -121.1875   0.35784003         1435   270884  59 0.0
41.4375 -121.0625   0.73236817         1485   274947  60 0.0
41.4375 -120.9375   0.74985124         1430   288196  61 0.0
41.4375 -120.8125   0.74985124         1380   307934  62 0.0
41.4375 -120.6875   0.74985124         1353   323790  63 0.0
41.4375 -120.5625   0.74985124         1356   340941  64 0.0
41.4375 -120.4375   0.74985124         1450   362688  65 0.0
41.4375 -120.3125   0.73933420         1871   378876  66 0.0
41.4375 -120.1875   0.08839800         2352   396090  67 0.0
41.3125 -122.5625   0.02540174         2162   123951  68 0.0
41.3125 -122.4375   0.56048596         1661   107800  69 0.0
41.3125 -122.3125   0.74546587         1246    92407  70 0.0
41.3125 -122.1875   0.75129361         1665    93238  71 0.0
41.3125 -122.0625   0.75129361         1270    94657  72 0.0
41.3125 -121.9375   0.75129361         1242   108612  73 0.0
41.3125 -121.8125   0.75129361         1419   126975  74 0.0
41.3125 -121.6875   0.75129361         1353   221974  75 0.0
41.3125 -121.5625   0.75129361         1244   211613  76 0.0
41.3125 -121.4375   0.75129361         1373   202703  77 0.0
41.3125 -121.3125   0.75129361         1338   258772  78 0.0
41.3125 -121.1875   0.75129362         1324   253519  79 0.0
41.3125 -121.0625   0.75129362         1487   255860  80 0.0
41.3125 -120.9375   0.75129362         1532   274215  81 0.0
41.3125 -120.8125   0.75129362         1767   277616  82 0.0
41.3125 -120.6875   0.75129362         1552   329306  83 0.0
41.3125 -120.5625   0.75129362         1413   344751  84 0.0
41.3125 -120.4375   0.75129362         1507   369849  85 0.0
41.3125 -120.3125   0.75129362         1891   386016  86 0.0
41.3125 -120.1875   0.29370886         2408   397893  87 0.0
41.1875 -122.5625   0.03742173         1954   124728  88 0.0
41.1875 -122.4375   0.63355109         1627    72024  89 0.0
41.1875 -122.3125   0.75273241         1102    70682  90 0.0
41.1875 -122.1875   0.75273241         1072    70976  91 0.0
41.1875 -122.0625   0.75273241         1070    78105  92 0.0
41.1875 -121.9375   0.75273241         1375    90498  93 0.0
41.1875 -121.8125   0.75273241         1386   107218  94 0.0
41.1875 -121.6875   0.75273241         1324   147808  95 0.0
41.1875 -121.5625   0.75273242         1116   190406  96 0.0
41.1875 -121.4375   0.75273242         1095   183288  97 0.0
41.1875 -121.3125   0.75273242         1448   185276  98 0.0
41.1875 -121.1875   0.75273242         1307   201546  99 0.0
41.1875 -121.0625   0.75273242         1287   233255 100 0.0
41.1875 -120.9375   0.75273242         1343   258854 101 0.0
41.1875 -120.8125   0.75273242         1683   276414 102 0.0
41.1875 -120.6875   0.75273242         1808   298011 103 0.0
41.1875 -120.5625   0.75273242         1652   322094 104 0.0
41.1875 -120.4375   0.75273242         1579   389159 105 0.0
41.1875 -120.3125   0.75273243         1776   405431 106 0.0
41.1875 -120.1875   0.59468233         2235   421188 107 0.0
41.0625 -122.5625   0.12170159         1437    53748 108 0.0
41.0625 -122.4375   0.67983631         1235    47999 109 0.0
41.0625 -122.3125   0.75416763          954    53604 110 0.0
41.0625 -122.1875   0.75416763          915    52038 111 0.0
41.0625 -122.0625   0.75416763         1068    60075 112 0.0
41.0625 -121.9375   0.75416763          861    84660 113 0.0
41.0625 -121.8125   0.75416763         1295    98200 114 0.0
41.0625 -121.6875   0.75416764         1130   119950 115 0.0
41.0625 -121.5625   0.75416764         1073   138243 116 0.0
41.0625 -121.4375   0.75416764         1021   155641 117 0.0
41.0625 -121.3125   0.75416764         1096   175977 118 0.0
41.0625 -121.1875   0.75416764         1331   191812 119 0.0
41.0625 -121.0625   0.75416764         1395   224383 120 0.0
41.0625 -120.9375   0.75416764         1559   244245 121 0.0
41.0625 -120.8125   0.75416764         1662   280118 122 0.0
41.0625 -120.6875   0.75416764         1664   297672 123 0.0
41.0625 -120.5625   0.42899755         1821   316271 124 0.0
41.0625 -120.4375   0.33304594         1757   404064 125 0.0
41.0625 -120.3125   0.55267509         1859   414795 126 0.0
41.0625 -120.1875   0.23465308         2075   435713 127 0.0
40.9375 -122.5625   0.20251376         1089    24636 128 0.0
40.9375 -122.4375   0.75559926          673    24244 129 0.0
40.9375 -122.3125   0.75559926          759    26698 130 0.0
40.9375 -122.1875   0.75559926          725    29622 131 0.0
40.9375 -122.0625   0.75559926          760    46142 132 0.0
40.9375 -121.9375   0.75559926          819    62264 133 0.0
40.9375 -121.8125   0.75559927         1217    76564 134 0.0
40.9375 -121.6875   0.75559927         1015   119857 135 0.0
40.9375 -121.5625   0.75559927          966   139962 136 0.0
40.9375 -121.4375   0.75559927         1112   154369 137 0.0
40.9375 -121.3125   0.75559927         1199   175596 138 0.0
40.9375 -121.1875   0.75559927         1333   195359 139 0.0
40.9375 -121.0625   0.75559927         1590   217231 140 0.0
40.9375 -120.9375   0.75559927         1655   234373 141 0.0
40.9375 -120.8125   0.45034650         1793   253080 142 0.0
40.9375 -120.6875   0.21875794         1837   305239 143 0.0
40.9375 -120.5625   0.01518176         1878   322295 144 0.0
40.8125 -122.5625   0.14156274          975    20535 145 0.0
40.8125 -122.4375   0.63301281          541     3806 146 0.0
40.8125 -122.3125   0.75640638          443     6842 147 0.0
40.8125 -122.1875   0.75702730          553    21509 148 0.0
40.8125 -122.0625   0.62187865          554    37382 149 0.0
40.8125 -121.9375   0.46449001          769    56655 150 0.0
40.8125 -121.8125   0.61038410         1399    76161 151 0.0
40.8125 -121.6875   0.75702730         1381    97208 152 0.0
40.8125 -121.5625   0.75702730         1316   156430 153 0.0
40.8125 -121.4375   0.75702730         1221   165999 154 0.0
40.8125 -121.3125   0.75702730         1574   185120 155 0.0
40.8125 -121.1875   0.75702730         1738   208762 156 0.0
40.8125 -121.0625   0.75686436         1631   220575 157 0.0
40.8125 -120.9375   0.63018758         1778   233993 158 0.0
40.8125 -120.8125   0.08820755         1893   255148 159 0.0
40.6875 -122.4375   0.06951934          374        0 160 0.0
40.6875 -122.3125   0.07170836          476     5663 161 0.0
40.6875 -122.1875   0.15364226          395    22200 162 0.0
40.6875 -122.0625   0.01801492          496    38338 163 0.0
40.6875 -121.8125   0.02826197         1754   184004 164 0.0
40.6875 -121.6875   0.42409841         1690   183061 165 0.0
40.6875 -121.5625   0.75845173         1868   180687 166 0.0
40.6875 -121.4375   0.75845173         1417   182848 167 0.0
40.6875 -121.3125   0.75845174         1641   194513 168 0.0
40.6875 -121.1875   0.75845174         1750   210578 169 0.0
40.6875 -121.0625   0.19472244         1853   236103 170 0.0
40.6875 -120.9375   0.01870313         2001   247543 171 0.0
40.5625 -121.6875   0.00026766         1852   236301 172 0.0
40.5625 -121.5625   0.38916851         1783   212148 173 0.0
40.5625 -121.4375   0.75987256         1888   205538 174 0.0
40.5625 -121.3125   0.75987256         1979   206424 175 0.0
40.5625 -121.1875   0.37904855         1978   222583 176 0.0
40.5625 -121.0625   0.07021460         1803   243932 177 0.0
40.4375 -121.5625   0.00655322         2887   235314 178 0.0
40.4375 -121.4375   0.10830168         2264   230383 179 0.0
40.4375 -121.3125   0.19581915         2120   238231 180 0.0
40.4375 -121.1875   0.01711838         2307   240373 181 0.0
