39.8125 -122.9375   3.08276884         1492    84636   1 0.0
39.8125 -122.8125   5.05376132         1185    67046   2 0.0
39.8125 -122.6875   3.88149215         1092    38722   3 0.0
39.8125 -122.5625   6.09333971          309    21430   4 0.0
39.8125 -122.4375   4.75441571          204     5672   5 0.0
39.8125 -122.3125   1.18481613          149        0   6 0.0
39.6875 -122.8125   3.81115643         1371    63105   7 0.0
39.6875 -122.6875   7.72621172          853    42378   8 0.0
39.6875 -122.5625   7.72621173          370    23124   9 0.0
39.6875 -122.4375   3.62140016          241    11013  10 0.0
39.6875 -122.3125   0.00132091          195    10645  11 0.0
39.5625 -122.6875   5.00972172         1095    53020  12 0.0
39.5625 -122.5625   7.57477566          346    36464  13 0.0
39.5625 -122.4375   0.18481697          407    35755  14 0.0
39.4375 -122.8125   1.40498692         1728   101793  15 0.0
39.4375 -122.6875   7.36086431         1168    62148  16 0.0
39.4375 -122.5625   7.75411392          453    56258  17 0.0
39.4375 -122.4375   2.01109173          425    58418  18 0.0
39.3125 -122.8125   0.52717013         1334   102078  19 0.0
39.3125 -122.6875   7.29891551         1106    84287  20 0.0
39.3125 -122.5625   7.72498011          582    73208  21 0.0
39.3125 -122.4375   3.11278016          458    73246  22 0.0
39.1875 -122.6875   0.88409701         1094    99981  23 0.0
39.1875 -122.5625   1.06169640          766    92868  24 0.0
39.1875 -122.4375   1.15309461          496    91525  25 0.0
