42.4375 -120.5625   0.01927529         2068   581752   1 0.0
42.4375 -120.4375   0.16750100         1881   577989   2 0.0
42.3125 -120.8125   0.23194992         1730   579993   3 0.0
42.3125 -120.6875   0.43103275         1896   575678   4 0.0
42.3125 -120.5625   0.52883925         1817   564522   5 0.0
42.3125 -120.4375   0.55364933         1635   560016   6 0.0
42.3125 -120.3125   0.25802508         1584   562077   7 0.0
42.1875 -120.8125   0.31528919         1665   577586   8 0.0
42.1875 -120.6875   0.55474758         1608   556904   9 0.0
42.1875 -120.5625   0.55474758         1617   545408  10 0.0
42.1875 -120.4375   0.55474758         1466   541364  11 0.0
42.1875 -120.3125   0.43252212         1680   544281  12 0.0
42.0625 -120.9375   0.05857929         1692   601277  13 0.0
42.0625 -120.8125   0.23982746         1697   577119  14 0.0
42.0625 -120.6875   0.47296607         1705   550189  15 0.0
42.0625 -120.5625   0.55584318         1581   529921  16 0.0
42.0625 -120.4375   0.55584319         1436   527193  17 0.0
42.0625 -120.3125   0.55584319         1611   530379  18 0.0
42.0625 -120.1875   0.08130889         2126   542754  19 0.0
41.9375 -120.6875   0.04439727         1687   550736  20 0.0
41.9375 -120.5625   0.38133107         1615   515747  21 0.0
41.9375 -120.4375   0.55693615         1434   513290  22 0.0
41.9375 -120.3125   0.55030072         1620   516477  23 0.0
41.9375 -120.1875   0.10141284         2118   537611  24 0.0
41.8125 -120.6875   0.00286095         1535   489860  25 0.0
41.8125 -120.5625   0.29626386         1549   491682  26 0.0
41.8125 -120.4375   0.55802646         1438   499311  27 0.0
41.8125 -120.3125   0.55802646         1706   506217  28 0.0
41.8125 -120.1875   0.14781473         1834   537410  29 0.0
41.6875 -120.8125   0.17211119         1514   443318  30 0.0
41.6875 -120.6875   0.52713811         1528   448627  31 0.0
41.6875 -120.5625   0.54436025         1531   468236  32 0.0
41.6875 -120.4375   0.55911411         1472   470790  33 0.0
41.6875 -120.3125   0.45583402         1869   486334  34 0.0
41.6875 -120.1875   0.00788301         2079   542669  35 0.0
41.5625 -122.1875   0.00480194         2173   265623  36 0.0
41.5625 -122.0625   0.00037246         2181   263293  37 0.0
41.5625 -121.8125   0.16268896         1821   254695  38 0.0
41.5625 -121.6875   0.34889622         1869   357801  39 0.0
41.5625 -121.5625   0.49160142         1998   351190  40 0.0
41.5625 -121.4375   0.03661373         1840   361890  41 0.0
41.5625 -121.0625   0.20178870         1496   401530  42 0.0
41.5625 -120.9375   0.34111929         1522   402687  43 0.0
41.5625 -120.8125   0.46034911         1489   414939  44 0.0
41.5625 -120.6875   0.56019910         1520   426515  45 0.0
41.5625 -120.5625   0.56019910         1466   444170  46 0.0
41.5625 -120.4375   0.56019910         1463   460660  47 0.0
41.5625 -120.3125   0.44878773         1865   478726  48 0.0
41.4375 -122.4375   0.00600380         1200   215982  49 0.0
41.4375 -122.3125   0.04388178         1961   213141  50 0.0
41.4375 -122.1875   0.30609912         2620   208009  51 0.0
41.4375 -122.0625   0.46473062         1790   219735  52 0.0
41.4375 -121.9375   0.45706369         1588   231452  53 0.0
41.4375 -121.8125   0.56128142         1557   239809  54 0.0
41.4375 -121.6875   0.56128142         1462   336235  55 0.0
41.4375 -121.5625   0.56128142         1459   334339  56 0.0
41.4375 -121.4375   0.29468610         1390   338625  57 0.0
41.4375 -121.3125   0.23643583         1347   370600  58 0.0
41.4375 -121.1875   0.26785174         1435   367827  59 0.0
41.4375 -121.0625   0.54819493         1485   371890  60 0.0
41.4375 -120.9375   0.56128143         1430   385139  61 0.0
41.4375 -120.8125   0.56128143         1380   404877  62 0.0
41.4375 -120.6875   0.56128143         1353   420733  63 0.0
41.4375 -120.5625   0.56128143         1356   437884  64 0.0
41.4375 -120.4375   0.56128143         1450   459634  65 0.0
41.4375 -120.3125   0.55340917         1871   475827  66 0.0
41.4375 -120.1875   0.06616800         2352   493045  67 0.0
41.3125 -122.5625   0.01901381         2162   220900  68 0.0
41.3125 -122.4375   0.41953703         1661   204749  69 0.0
41.3125 -122.3125   0.55799888         1246   189355  70 0.0
41.3125 -122.1875   0.56236107         1665   190186  71 0.0
41.3125 -122.0625   0.56236108         1270   191605  72 0.0
41.3125 -121.9375   0.56236108         1242   205560  73 0.0
41.3125 -121.8125   0.56236108         1419   223923  74 0.0
41.3125 -121.6875   0.56236108         1353   318917  75 0.0
41.3125 -121.5625   0.56236108         1244   308557  76 0.0
41.3125 -121.4375   0.56236108         1373   299647  77 0.0
41.3125 -121.3125   0.56236108         1338   355715  78 0.0
41.3125 -121.1875   0.56236108         1324   350462  79 0.0
41.3125 -121.0625   0.56236108         1487   352803  80 0.0
41.3125 -120.9375   0.56236108         1532   371158  81 0.0
41.3125 -120.8125   0.56236108         1767   374559  82 0.0
41.3125 -120.6875   0.56236108         1552   426249  83 0.0
41.3125 -120.5625   0.56236108         1413   441694  84 0.0
41.3125 -120.4375   0.56236108         1507   466797  85 0.0
41.3125 -120.3125   0.56236109         1891   482968  86 0.0
41.3125 -120.1875   0.21984804         2408   494848  87 0.0
41.1875 -122.5625   0.02801105         1954   221677  88 0.0
41.1875 -122.4375   0.47422801         1627   168972  89 0.0
41.1875 -122.3125   0.56343805         1102   167629  90 0.0
41.1875 -122.1875   0.56343805         1072   167923  91 0.0
41.1875 -122.0625   0.56343805         1070   175053  92 0.0
41.1875 -121.9375   0.56343805         1375   187446  93 0.0
41.1875 -121.8125   0.56343806         1386   204168  94 0.0
41.1875 -121.6875   0.56343806         1324   244756  95 0.0
41.1875 -121.5625   0.56343806         1116   287352  96 0.0
41.1875 -121.4375   0.56343806         1095   280233  97 0.0
41.1875 -121.3125   0.56343806         1448   282221  98 0.0
41.1875 -121.1875   0.56343806         1307   298491  99 0.0
41.1875 -121.0625   0.56343806         1287   330198 100 0.0
41.1875 -120.9375   0.56343806         1343   355797 101 0.0
41.1875 -120.8125   0.56343806         1683   373357 102 0.0
41.1875 -120.6875   0.56343806         1808   394954 103 0.0
41.1875 -120.5625   0.56343806         1652   419037 104 0.0
41.1875 -120.4375   0.56343806         1579   486113 105 0.0
41.1875 -120.3125   0.56343806         1776   502388 106 0.0
41.1875 -120.1875   0.44513382         2235   518149 107 0.0
41.0625 -122.5625   0.09354490         1440   150695 108 0.0
41.0625 -122.4375   0.50887359         1235   144945 109 0.0
41.0625 -122.3125   0.56451235          954   150550 110 0.0
41.0625 -122.1875   0.56451235          915   148984 111 0.0
41.0625 -122.0625   0.56451235         1068   157022 112 0.0
41.0625 -121.9375   0.56451235          861   181608 113 0.0
41.0625 -121.8125   0.56451235         1295   195149 114 0.0
41.0625 -121.6875   0.56451235         1130   216900 115 0.0
41.0625 -121.5625   0.56451235         1073   235192 116 0.0
41.0625 -121.4375   0.56451235         1021   252589 117 0.0
41.0625 -121.3125   0.56451235         1096   272923 118 0.0
41.0625 -121.1875   0.56451236         1331   288756 119 0.0
41.0625 -121.0625   0.56451236         1395   321326 120 0.0
41.0625 -120.9375   0.56451236         1559   341188 121 0.0
41.0625 -120.8125   0.56451236         1662   377061 122 0.0
41.0625 -120.6875   0.56451236         1664   394615 123 0.0
41.0625 -120.5625   0.32111484         1821   413214 124 0.0
41.0625 -120.4375   0.24929278         1757   501021 125 0.0
41.0625 -120.3125   0.41369041         1859   511754 126 0.0
41.0625 -120.1875   0.17564340         2075   532677 127 0.0
40.9375 -122.5625   0.45371565         1198   121582 128 0.0
40.9375 -122.4375   0.56558396          673   121190 129 0.0
40.9375 -122.3125   0.56558396          759   123644 130 0.0
40.9375 -122.1875   0.56558396          725   126568 131 0.0
40.9375 -122.0625   0.56558396          760   143089 132 0.0
40.9375 -121.9375   0.56558396          819   159212 133 0.0
40.9375 -121.8125   0.56558396         1217   173513 134 0.0
40.9375 -121.6875   0.56558396         1015   216807 135 0.0
40.9375 -121.5625   0.56558396          966   236911 136 0.0
40.9375 -121.4375   0.56558396         1112   251317 137 0.0
40.9375 -121.3125   0.56558396         1199   272541 138 0.0
40.9375 -121.1875   0.56558396         1333   292304 139 0.0
40.9375 -121.0625   0.56558397         1590   314175 140 0.0
40.9375 -120.9375   0.56558397         1655   331316 141 0.0
40.9375 -120.8125   0.33709503         1793   350023 142 0.0
40.9375 -120.6875   0.16374550         1837   402182 143 0.0
40.9375 -120.5625   0.01136391         1878   419238 144 0.0
40.8125 -122.6875   0.15763222         1038   119263 145 0.0
40.8125 -122.5625   0.56665287          922   108904 146 0.0
40.8125 -122.4375   0.56665288          592   100266 147 0.0
40.8125 -122.3125   0.56665288          443    82560 148 0.0
40.8125 -122.1875   0.56665288          553   118456 149 0.0
40.8125 -122.0625   0.56665288          557    89493 150 0.0
40.8125 -121.9375   0.56665288          773    98096 151 0.0
40.8125 -121.8125   0.56665288         1425   112417 152 0.0
40.8125 -121.6875   0.56665288         1381   194158 153 0.0
40.8125 -121.5625   0.56665288         1316   253377 154 0.0
40.8125 -121.4375   0.56665288         1221   262946 155 0.0
40.8125 -121.3125   0.56665288         1574   282065 156 0.0
40.8125 -121.1875   0.56665288         1738   305706 157 0.0
40.8125 -121.0625   0.56653092         1631   317518 158 0.0
40.8125 -120.9375   0.47171034         1778   330936 159 0.0
40.8125 -120.8125   0.06602544         1893   352091 160 0.0
40.6875 -122.6875   0.45946400          797   103331 161 0.0
40.6875 -122.5625   0.56771910          742    85745 162 0.0
40.6875 -122.4375   0.56771910          380    75944 163 0.0
40.6875 -122.3125   0.56771910          301    62621 164 0.0
40.6875 -122.1875   0.56771910          286    60307 165 0.0
40.6875 -122.0625   0.56771910          411    67920 166 0.0
40.6875 -121.9375   0.56771910          742    82738 167 0.0
40.6875 -121.8125   0.56771910         1333   100582 168 0.0
40.6875 -121.6875   0.56771910         1698   109501 169 0.0
40.6875 -121.5625   0.56771910         1868   277632 170 0.0
40.6875 -121.4375   0.56771910         1417   279794 171 0.0
40.6875 -121.3125   0.56771910         1641   291458 172 0.0
40.6875 -121.1875   0.56771910         1750   307522 173 0.0
40.6875 -121.0625   0.14575437         1853   333046 174 0.0
40.6875 -120.9375   0.01399974         2001   344487 175 0.0
40.5625 -122.8125   0.09509475         1341   107571 176 0.0
40.5625 -122.6875   0.47248974         1105    90020 177 0.0
40.5625 -122.5625   0.56878261          562    74394 178 0.0
40.5625 -122.4375   0.56878261          233    57891 179 0.0
40.5625 -122.3125   0.56878262          170    44003 180 0.0
40.5625 -122.1875   0.56878262          181    41884 181 0.0
40.5625 -122.0625   0.56878262          325    47393 182 0.0
40.5625 -121.9375   0.56878262          678    62000 183 0.0
40.5625 -121.8125   0.56878262         1119    75511 184 0.0
40.5625 -121.6875   0.56878262         1487    85664 185 0.0
40.5625 -121.5625   0.56878262         1834   102669 186 0.0
40.5625 -121.4375   0.56878262         1888   302483 187 0.0
40.5625 -121.3125   0.56878262         1979   303368 188 0.0
40.5625 -121.1875   0.28372682         1978   319526 189 0.0
40.5625 -121.0625   0.05255730         1803   340876 190 0.0
40.4375 -123.0625   0.00948845         1124   148487 191 0.0
40.4375 -122.9375   0.28733015         1033   121920 192 0.0
40.4375 -122.8125   0.55341596          780    97347 193 0.0
40.4375 -122.6875   0.56984342          467    80727 194 0.0
40.4375 -122.5625   0.56984342          268    64438 195 0.0
40.4375 -122.4375   0.56984343          212    48259 196 0.0
40.4375 -122.3125   0.56984343          159    31909 197 0.0
40.4375 -122.1875   0.56984343          150    23856 198 0.0
40.4375 -122.0625   0.56984343          333    15915 199 0.0
40.4375 -121.9375   0.56984343          587    50629 200 0.0
40.4375 -121.8125   0.56984343          934    67611 201 0.0
40.4375 -121.6875   0.56984343         1470    83947 202 0.0
40.4375 -121.5625   0.41292598         2108    99996 203 0.0
40.4375 -121.4375   0.08106638         2264   327327 204 0.0
40.4375 -121.3125   0.14657527         2120   335175 205 0.0
40.4375 -121.1875   0.01281351         2307   337316 206 0.0
40.3125 -123.0625   0.23289940         1288   137899 207 0.0
40.3125 -122.9375   0.57021840         1001   117902 208 0.0
40.3125 -122.8125   0.57090152          589    99089 209 0.0
40.3125 -122.6875   0.57090152          367    81930 210 0.0
40.3125 -122.5625   0.57090152          258    64531 211 0.0
40.3125 -122.4375   0.56147276          201    48335 212 0.0
40.3125 -122.3125   0.43548203          172    20261 213 0.0
40.3125 -122.1875   0.35543616          148        0 214 0.0
40.3125 -122.0625   0.21370752          205     9181 215 0.0
40.3125 -121.9375   0.13457533          563    28461 216 0.0
40.3125 -121.8125   0.11661617          832    68954 217 0.0
40.3125 -121.6875   0.16838990         1426    84341 218 0.0
40.3125 -121.5625   0.16975825         1659    99945 219 0.0
40.1875 -122.9375   0.47432388         1561   120559 220 0.0
40.1875 -122.8125   0.57195690         1060   100234 221 0.0
40.1875 -122.6875   0.56726983          468    84208 222 0.0
40.1875 -122.5625   0.39239173          308    71508 223 0.0
40.1875 -122.4375   0.04500097          246    64708 224 0.0
40.0625 -122.9375   0.26260729         1588   136788 225 0.0
40.0625 -122.8125   0.37033474         1351   120020 226 0.0
40.0625 -122.6875   0.13600792          890   105306 227 0.0
