38.6875 -120.1875   0.46240191         2351    88067   1 0.0
38.6875 -120.0625   1.30683768         2582    97395   2 0.0
38.6875 -119.9375   1.45372450         2597   112177   3 0.0
38.5625 -120.5625   0.00478626         1263    46261   4 0.0
38.5625 -120.4375   2.22074005         1418    46223   5 0.0
38.5625 -120.3125   4.64210617         1690    55637   6 0.0
38.5625 -120.1875  10.18032198         2087    71180   7 0.0
38.5625 -120.0625  10.60263897         2252    85729   8 0.0
38.5625 -119.9375   9.26618239         2412   104549   9 0.0
38.5625 -119.8125   4.15947611         2589   123420  10 0.0
38.4375 -120.6875   0.13768504          722    16627  11 0.0
38.4375 -120.5625   5.40100038          825    17091  12 0.0
38.4375 -120.4375  10.74953883         1138    31583  13 0.0
38.4375 -120.3125  10.74953885         1429    48063  14 0.0
38.4375 -120.1875   8.94932570         1844    64274  15 0.0
38.4375 -120.0625   1.94531275         2197    85320  16 0.0
38.4375 -119.9375   0.36093338         2579   124638  17 0.0
38.4375 -119.8125   0.58846024         2678   127824  18 0.0
38.3125 -120.6875   2.16767062          449        0  19 0.0
38.3125 -120.5625   3.17003460          741    12207  20 0.0
38.3125 -120.4375   5.10999610         1030    30480  21 0.0
38.3125 -120.3125   5.58757383         1496    47516  22 0.0
38.3125 -120.1875   0.78371364         1760    64390  23 0.0
