37.5625 -119.9375   1.99001395          956    67865   1 0.0
37.5625 -119.8125   5.84312986         1168    64490   2 0.0
37.5625 -119.6875   1.11038673         1685    68616   3 0.0
37.4375 -120.0625   0.00233841          614    34959   4 0.0
37.4375 -119.9375  10.23714002          653    33188   5 0.0
37.4375 -119.8125  21.49585454          796    47268   6 0.0
37.4375 -119.6875   6.52557017         1217    59010   7 0.0
37.3125 -120.0625   2.07008410          334    13192   8 0.0
37.3125 -119.9375  22.42184450          378    13710   9 0.0
37.3125 -119.8125  14.83388467          450    27787  10 0.0
37.1875 -120.0625   5.24682697          184        0  11 0.0
37.1875 -119.9375   7.05989478          240     7184  12 0.0
37.1875 -119.8125   1.16303128          440    30009  13 0.0
