39.3125 -120.9375   1.81944521         1019    79085   1 0.0
39.3125 -120.8125   7.16738169         1255    81392   2 0.0
39.3125 -120.6875   4.80983258         1481    93179   3 0.0
39.1875 -121.0625  14.30589354          734    44846   4 0.0
39.1875 -120.9375  18.42711624          829    50909   5 0.0
39.1875 -120.8125   7.12585755         1064    73492   6 0.0
39.0625 -121.3125   5.82563095          135        0   7 0.0
39.0625 -121.1875  13.60944732          330    10786   8 0.0
39.0625 -121.0625  19.92565229          528    28343   9 0.0
39.0625 -120.9375   4.85242243          659    46505  10 0.0
38.9375 -121.1875   1.05455443          350    16995  11 0.0
38.9375 -121.0625   1.07676578          575    36876  12 0.0
