38.9375 -122.6875   0.30085623          780    96379   1 0.0
38.9375 -122.5625   1.42530748          561    76837   2 0.0
38.9375 -122.4375   0.79024533          734    74198   3 0.0
38.8125 -122.6875   7.41732154          697    84861   4 0.0
38.8125 -122.5625   8.99752678          402    67087   5 0.0
38.8125 -122.4375   9.91118907          434    49341   6 0.0
38.8125 -122.3125   6.50152124          474    41587   7 0.0
38.8125 -122.1875   0.01448580          697    45984   8 0.0
38.6875 -122.6875   2.44765295          639    93068   9 0.0
38.6875 -122.5625   9.10002873          534    56380  10 0.0
38.6875 -122.4375  10.21339974          300    39605  11 0.0
38.6875 -122.3125  10.21339976          263    23720  12 0.0
38.6875 -122.1875   3.94119458          418    22952  13 0.0
38.5625 -122.5625   0.24963411          681    58422  14 0.0
38.5625 -122.4375   3.19257470          347    42252  15 0.0
38.5625 -122.3125   6.94114452          343    20467  16 0.0
38.5625 -122.1875   9.87648425          258     2377  17 0.0
38.5625 -122.0625   0.53241737          323        0  18 0.0
38.4375 -122.3125   0.69649136          518    23885  19 0.0
38.4375 -122.1875   6.83838236          347     3186  20 0.0
38.4375 -122.0625   0.39874211          443     2962  21 0.0
