38.8125 -120.5625   0.08114696         1282    86333   1 0.0
38.8125 -120.4375   0.02867364         1293    90666   2 0.0
38.6875 -120.9375   2.30923614          416    28007   3 0.0
38.6875 -120.8125   4.81024289          537    30535   4 0.0
38.6875 -120.6875   6.42956342          713    49876   5 0.0
38.6875 -120.5625  10.16330927         1099    64886   6 0.0
38.6875 -120.4375   9.43331540         1508    89682   7 0.0
38.6875 -120.3125   4.78447778         1889    98945   8 0.0
38.6875 -120.1875   0.20503512         2275   116004   9 0.0
38.5625 -121.0625   1.59497427          138        0  10 0.0
38.5625 -120.9375   9.48237888          254     5733  11 0.0
38.5625 -120.8125  10.50588687          448    23971  12 0.0
38.5625 -120.6875  10.32356514          717    44695  13 0.0
38.5625 -120.5625  10.76224854         1048    61933  14 0.0
38.5625 -120.4375   8.63822666         1400    77268  15 0.0
38.5625 -120.3125   6.19448264         1789    97951  16 0.0
38.5625 -120.1875   0.49805064         2169   114208  17 0.0
38.4375 -121.0625   0.11255048          123      224  18 0.0
38.4375 -120.9375   2.20581633          202     7059  19 0.0
38.4375 -120.8125   1.29035007          365    24588  20 0.0
38.4375 -120.6875   0.00909235          896    63256  21 0.0
38.4375 -120.5625   0.13737650          989    65094  22 0.0
