37.4375 -119.8125   0.85539103          871    54770   1 0.0
37.4375 -119.6875  13.22344521         1220    54616   2 0.0
37.4375 -119.5625   6.39108344         1517    70703   3 0.0
37.3125 -119.8125   7.25805093          573    33418   4 0.0
37.3125 -119.6875  20.38501416          813    35524   5 0.0
37.3125 -119.5625   5.32214654         1017    61023   6 0.0
37.1875 -119.9375   6.03702845          246     9111   7 0.0
37.1875 -119.8125  20.09154207          386    10335   8 0.0
37.1875 -119.6875  11.77574717          591    29986   9 0.0
37.0625 -119.9375   4.64706063          139        0  10 0.0
37.0625 -119.8125   3.97931771          258     6427  11 0.0
37.0625 -119.6875   0.03417265          472    33757  12 0.0
