39.3125 -123.0625   0.32552475          855   121114   1 0.0
39.3125 -122.9375   2.21826026          865   113910   2 0.0
39.3125 -122.8125   0.18727574         1000   105140   3 0.0
39.3125 -122.6875   0.03409207         1607    99470   4 0.0
39.3125 -122.5625   0.03433058          924    65088   5 0.0
39.1875 -123.0625   2.05033194          741   110636   6 0.0
39.1875 -122.9375   6.07988920          576    94357   7 0.0
39.1875 -122.8125   5.99695305          937    75768   8 0.0
39.1875 -122.6875   5.35370666          883    62752   9 0.0
39.1875 -122.5625   5.27020124          716    47897  10 0.0
39.1875 -122.4375   3.23480271          539    38847  11 0.0
39.0625 -123.0625   3.46448746          751   114865  12 0.0
39.0625 -122.9375   6.11388896          474    89675  13 0.0
39.0625 -122.8125   6.11419559          491    74701  14 0.0
39.0625 -122.6875   6.11419560          599    53775  15 0.0
39.0625 -122.5625   6.11419560          538    42318  16 0.0
39.0625 -122.4375   5.26210308          599    22258  17 0.0
39.0625 -122.3125   0.76460174          451    18056  18 0.0
38.9375 -122.9375   3.92039718          569    90711  19 0.0
38.9375 -122.8125   6.12498204          636    73021  20 0.0
38.9375 -122.6875   5.94457437          545    57232  21 0.0
38.9375 -122.5625   5.26742947          502    35636  22 0.0
38.9375 -122.4375   5.65010729          562    13959  23 0.0
38.9375 -122.3125   3.36541876          458        0  24 0.0
38.8125 -122.8125   1.55140728          847   104971  25 0.0
38.8125 -122.6875   1.36408352          846    62122  26 0.0
38.8125 -122.5625   0.72082593          536    59137  27 0.0
38.8125 -122.4375   0.17045085          659    29085  28 0.0
38.8125 -122.3125   1.18728706          586     7161  29 0.0
