39.78125 -120.90625   0.18399551         1868   102948   1 0.0
39.78125 -120.84375   0.17233417         1972   105731   2 0.0
39.71875 -121.03125   0.03213634         1682    94002   3 0.0
39.71875 -120.96875   0.40827907         1630    91494   4 0.0
39.71875 -120.90625   1.25505099         1690    93066   5 0.0
39.71875 -120.84375   1.24606020         1839    97990   6 0.0
39.71875 -120.78125   0.60637427         1907   106162   7 0.0
39.71875 -120.71875   0.31806432         2036   117538   8 0.0
39.71875 -120.59375   0.00328139         2239   141123   9 0.0
39.65625 -121.03125   0.57513062         1417    74668  10 0.0
39.65625 -120.96875   1.29453276         1486    82267  11 0.0
39.65625 -120.90625   1.29453276         1564    86080  12 0.0
39.65625 -120.84375   1.29453276         1707    93385  13 0.0
39.65625 -120.78125   1.29453276         1710   106072  14 0.0
39.65625 -120.71875   1.29074675         1895   109785  15 0.0
39.65625 -120.65625   0.83769839         2050   117570  16 0.0
39.65625 -120.59375   1.17320301         2078   130880  17 0.0
39.65625 -120.53125   0.67799021         2065   134885  18 0.0
39.65625 -120.46875   0.04381187         2211   143127  19 0.0
39.59375 -121.09375   0.43221569         1197    62917  20 0.0
39.59375 -121.03125   1.29562980         1249    66251  21 0.0
39.59375 -120.96875   1.29570253         1393    74722  22 0.0
39.59375 -120.90625   1.29570253         1515    83025  23 0.0
39.59375 -120.84375   1.29570253         1366    90633  24 0.0
39.59375 -120.78125   1.29570253         1373    97632  25 0.0
39.59375 -120.71875   1.29570253         1665   105957  26 0.0
39.59375 -120.65625   1.29570253         1892   114243  27 0.0
39.59375 -120.59375   1.29570253         1772   122185  28 0.0
39.59375 -120.53125   1.29570253         2132   129957  29 0.0
39.59375 -120.46875   0.34201386         2233   138892  30 0.0
39.53125 -121.21875   0.11703967          988    49847  31 0.0
39.53125 -121.15625   0.70556879          987    48923  32 0.0
39.53125 -121.09375   1.28684873          958    49840  33 0.0
39.53125 -121.03125   1.29687076         1006    54206  34 0.0
39.53125 -120.96875   1.29687076         1129    71344  35 0.0
39.53125 -120.90625   1.29687076         1181    71344  36 0.0
39.53125 -120.84375   1.29687076         1400    72495  37 0.0
39.53125 -120.78125   1.29687076         1418    80573  38 0.0
39.53125 -120.71875   1.29687076         1724    89972  39 0.0
39.53125 -120.65625   1.29687076         1814    98050  40 0.0
39.53125 -120.59375   1.29687076         1875   106861  41 0.0
39.53125 -120.53125   1.29687076         2025   114703  42 0.0
39.53125 -120.46875   1.12964949         2221   122890  43 0.0
39.53125 -120.40625   0.02275404         2337   146770  44 0.0
39.46875 -121.21875   0.42261124          890    43877  45 0.0
39.46875 -121.15625   1.29803745          757    39643  46 0.0
39.46875 -121.09375   1.29803745          824    40142  47 0.0
39.46875 -121.03125   1.29803745          988    45043  48 0.0
39.46875 -120.96875   1.29803745         1192    54023  49 0.0
39.46875 -120.90625   1.29803745         1319    62080  50 0.0
39.46875 -120.84375   1.29803745         1361    69541  51 0.0
39.46875 -120.78125   1.29803745         1403    78208  52 0.0
39.46875 -120.71875   1.29803745         1630    83782  53 0.0
39.46875 -120.65625   1.29803745         1833    91429  54 0.0
39.46875 -120.59375   1.29803745         1982    98909  55 0.0
39.46875 -120.53125   1.29803745         2037   106780  56 0.0
39.46875 -120.46875   1.02447729         2201   123021  57 0.0
39.46875 -120.40625   0.00258789         2203   130947  58 0.0
39.40625 -121.21875   0.38442898          777    24604  59 0.0
39.40625 -121.15625   1.29920259          731    25783  60 0.0
39.40625 -121.09375   1.29920259          619    31634  61 0.0
39.40625 -121.03125   1.29920259          792    40176  62 0.0
39.40625 -120.96875   1.29920259          995    50076  63 0.0
39.40625 -120.90625   1.29920259         1140    54042  64 0.0
39.40625 -120.84375   1.29920259         1334    62843  65 0.0
39.40625 -120.78125   1.29920259         1293    72242  66 0.0
39.40625 -120.71875   1.29920259         1655    78870  67 0.0
39.40625 -120.65625   1.29920259         1836    87118  68 0.0
39.40625 -120.59375   1.29920259         2078    94656  69 0.0
39.40625 -120.53125   1.29920259         2166   106791  70 0.0
39.40625 -120.46875   1.21137702         2145   116164  71 0.0
39.40625 -120.40625   1.05347733         2319   124281  72 0.0
39.40625 -120.34375   0.19419025         2494   132354  73 0.0
39.34375 -121.28125   0.09756443          560    10594  74 0.0
39.34375 -121.21875   1.08402468          489    11204  75 0.0
39.34375 -121.15625   1.30036618          586    16448  76 0.0
39.34375 -121.09375   1.30036619          670    26936  77 0.0
39.34375 -121.03125   1.30036619          797    33417  78 0.0
39.34375 -120.96875   1.30036619          885    42429  79 0.0
39.34375 -120.90625   1.23118067         1008    49760  80 0.0
39.34375 -120.84375   1.09201053         1111    60584  81 0.0
39.34375 -120.78125   1.23000265         1130    68816  82 0.0
39.34375 -120.71875   1.18155427         1323    77473  83 0.0
39.34375 -120.65625   1.24233645         1621    85568  84 0.0
39.34375 -120.59375   1.21871037         1715    94695  85 0.0
39.34375 -120.53125   1.30036619         1974   104576  86 0.0
39.34375 -120.46875   1.30036619         2124   113902  87 0.0
39.34375 -120.40625   1.29730167         2166   121942  88 0.0
39.34375 -120.34375   0.75283478         2277   130932  89 0.0
39.28125 -121.28125   0.77057188          367     1937  90 0.0
39.28125 -121.21875   1.25838074          366     4506  91 0.0
39.28125 -121.15625   1.22855622          508    15841  92 0.0
39.28125 -121.09375   1.08988470          617    24683  93 0.0
39.28125 -121.03125   0.77564154          803    32909  94 0.0
39.28125 -120.96875   0.56563284          976    41589  95 0.0
39.28125 -120.90625   0.12486505         1159    49459  96 0.0
39.28125 -120.78125   0.02198741         1507    79116  97 0.0
39.28125 -120.65625   0.00467025         1654    91847  98 0.0
39.28125 -120.59375   0.02794030         1909   106427  99 0.0
39.28125 -120.53125   0.42141928         1882   106535 100 0.0
39.28125 -120.46875   0.47539012         2016   114295 101 0.0
39.28125 -120.40625   0.19768716         2073   123061 102 0.0
39.28125 -120.34375   0.29376960         2212   131772 103 0.0
39.21875 -121.28125   0.17824891          252        0 104 0.0
39.21875 -121.21875   0.09929133          379     3263 105 0.0
39.21875 -121.09375   0.00109299          735    26697 106 0.0
