38.53125 -120.03125   0.01466523         2559   123959   1 0.0
38.53125 -119.96875   0.22570220         2524   123805   2 0.0
38.53125 -119.90625   0.17774402         2465   130453   3 0.0
38.53125 -119.84375   0.05356736         2748   143929   4 0.0
38.46875 -120.15625   0.02524652         2350   108689   5 0.0
38.46875 -120.09375   0.60128330         2254   107494   6 0.0
38.46875 -120.03125   1.30026953         2247   111671   7 0.0
38.46875 -119.96875   1.49012341         2251   117618   8 0.0
38.46875 -119.90625   1.28981940         2480   126461   9 0.0
38.46875 -119.84375   1.45204823         2533   133629  10 0.0
38.46875 -119.78125   1.03940932         2559   141588  11 0.0
38.46875 -119.71875   0.42540461         2763   145263  12 0.0
38.46875 -119.65625   0.00964853         2631   151737  13 0.0
38.40625 -120.21875   0.04154061         2019    94149  14 0.0
38.40625 -120.15625   0.93189606         1921    94072  15 0.0
38.40625 -120.09375   1.49141403         2013   100821  16 0.0
38.40625 -120.03125   1.49141403         2059   108746  17 0.0
38.40625 -119.96875   1.49141403         2095   116557  18 0.0
38.40625 -119.90625   1.49141404         2290   122499  19 0.0
38.40625 -119.84375   1.49141404         2344   127679  20 0.0
38.40625 -119.78125   1.49141404         2299   133937  21 0.0
38.40625 -119.71875   1.49141404         2556   142994  22 0.0
38.40625 -119.65625   0.26382635         2955   150711  23 0.0
38.34375 -120.28125   0.02818113         1636    84561  24 0.0
38.34375 -120.21875   1.05797814         1587    83736  25 0.0
38.34375 -120.15625   1.49270289         1859    88443  26 0.0
38.34375 -120.09375   1.49270289         2091    95413  27 0.0
38.34375 -120.03125   1.49270289         2061   103824  28 0.0
38.34375 -119.96875   1.49270289         1933   109648  29 0.0
38.34375 -119.90625   1.49270289         1973   117373  30 0.0
38.34375 -119.84375   1.49270289         2127   125743  31 0.0
38.34375 -119.78125   1.49270289         2319   134221  32 0.0
38.34375 -119.71875   1.49270289         2659   142377  33 0.0
38.34375 -119.65625   1.14747355         2950   151204  34 0.0
38.28125 -120.34375   0.18240765         1321    74120  35 0.0
38.28125 -120.28125   1.02794180         1385    73193  36 0.0
38.28125 -120.21875   1.49398996         1535    77622  37 0.0
38.28125 -120.15625   1.49398996         1726    83378  38 0.0
38.28125 -120.09375   1.49398996         1885    90555  39 0.0
38.28125 -120.03125   1.49398996         1596    99981  40 0.0
38.28125 -119.96875   1.49398996         1932   105050  41 0.0
38.28125 -119.90625   1.49398996         2338   113695  42 0.0
38.28125 -119.84375   1.49398996         2481   121643  43 0.0
38.28125 -119.78125   1.49398996         2563   128861  44 0.0
38.28125 -119.71875   1.49398996         2528   143742  45 0.0
38.28125 -119.65625   1.19964129         2853   152028  46 0.0
38.28125 -119.59375   0.04121840         3128   161108  47 0.0
38.21875 -120.40625   0.08013967         1132    68450  48 0.0
38.21875 -120.34375   1.33807823         1084    62733  49 0.0
38.21875 -120.28125   1.49527526         1237    65111  50 0.0
38.21875 -120.21875   1.49527526         1416    71617  51 0.0
38.21875 -120.15625   1.49527526         1490    79072  52 0.0
38.21875 -120.09375   1.49527526         1447    86089  53 0.0
38.21875 -120.03125   1.48522211         1511    94244  54 0.0
38.21875 -119.96875   1.35483915         1985   103005  55 0.0
38.21875 -119.90625   1.27501450         2409   110930  56 0.0
38.21875 -119.84375   1.13636207         2628   118970  57 0.0
38.21875 -119.78125   0.87815667         2732   126857  58 0.0
38.21875 -119.71875   0.99874931         2810   152760  59 0.0
38.21875 -119.65625   0.77130068         2929   156509  60 0.0
38.21875 -119.59375   0.09731649         3010   161338  61 0.0
38.15625 -120.46875   0.51576894          721    46515  62 0.0
38.15625 -120.40625   1.09176118          821    48093  63 0.0
38.15625 -120.34375   1.49125362          781    52257  64 0.0
38.15625 -120.28125   1.49655878          985    59096  65 0.0
38.15625 -120.21875   1.49655878         1183    67421  66 0.0
38.15625 -120.15625   1.49655878         1353    75630  67 0.0
38.15625 -120.09375   1.15663462         1483    83802  68 0.0
38.15625 -120.03125   0.31500192         1648    94510  69 0.0
38.15625 -119.96875   0.00148462         1814   106098  70 0.0
38.09375 -120.59375   0.04102728          407    35784  71 0.0
38.09375 -120.53125   0.96894092          510    35569  72 0.0
38.09375 -120.46875   1.49681236          602    37525  73 0.0
38.09375 -120.40625   1.49784051          587    40177  74 0.0
38.09375 -120.34375   1.49784051          750    48681  75 0.0
38.09375 -120.28125   1.48566481          932    56628  76 0.0
38.09375 -120.21875   1.47888730         1154    65810  77 0.0
38.09375 -120.15625   0.94759871         1391    73773  78 0.0
38.09375 -120.09375   0.02583635         1574    82923  79 0.0
38.03125 -120.65625   0.41156617          483    26219  80 0.0
38.03125 -120.59375   1.02709004          505    26065  81 0.0
38.03125 -120.53125   1.49912047          414    26400  82 0.0
38.03125 -120.46875   1.49912047          449    29024  83 0.0
38.03125 -120.40625   1.12867062          649    34496  84 0.0
38.03125 -120.34375   0.28707545          972    48943  85 0.0
38.03125 -120.28125   0.18378741         1162    56721  86 0.0
38.03125 -120.21875   0.09290769         1276    70555  87 0.0
37.96875 -120.65625   0.78706281          315    16970  88 0.0
37.96875 -120.59375   1.50039864          355    14109  89 0.0
37.96875 -120.53125   1.50039864          348    17488  90 0.0
37.96875 -120.46875   1.37747365          420    22773  91 0.0
37.96875 -120.40625   0.06486354          565    32668  92 0.0
37.90625 -120.65625   0.05314737          253    15666  93 0.0
37.90625 -120.59375   1.27326181          224     4027  94 0.0
37.90625 -120.53125   1.50167502          308    11140  95 0.0
37.90625 -120.46875   0.81599954          402    19827  96 0.0
37.84375 -120.65625   0.05589471          164        0  97 0.0
37.84375 -120.59375   0.13052617          216     2406  98 0.0
37.84375 -120.53125   0.76269755          299    13013  99 0.0
37.84375 -120.46875   0.29448472          386    19958 100 0.0
