37.71875 -119.28125   0.15555185         3466   162422   1 0.0
37.71875 -119.21875   0.53609316         3272   161658   2 0.0
37.71875 -119.15625   0.67866496         2980   172319   3 0.0
37.71875 -119.09375   0.28800018         2918   168401   4 0.0
37.65625 -119.34375   0.14893763         3150   154247   5 0.0
37.65625 -119.28125   0.78417219         3017   153991   6 0.0
37.65625 -119.21875   0.88123782         2886   152393   7 0.0
37.65625 -119.15625   0.88123782         3063   156976   8 0.0
37.65625 -119.09375   0.87467833         2642   158672   9 0.0
37.65625 -119.03125   0.11962191         2956   161881  10 0.0
37.59375 -119.40625   0.09374622         3019   153390  11 0.0
37.59375 -119.34375   0.87583868         2816   145135  12 0.0
37.59375 -119.28125   0.88197909         2651   141185  13 0.0
37.59375 -119.21875   0.88197909         2401   141316  14 0.0
37.59375 -119.15625   0.88197909         2730   141048  15 0.0
37.59375 -119.09375   0.88197909         2423   147183  16 0.0
37.59375 -119.03125   0.56004143         2877   154844  17 0.0
37.59375 -118.96875   0.02648960         3333   164729  18 0.0
37.53125 -119.46875   0.09146203         2567   133151  19 0.0
37.53125 -119.40625   0.74237862         2553   130706  20 0.0
37.53125 -119.34375   0.88271930         2515   130914  21 0.0
37.53125 -119.28125   0.88271930         2205   129466  22 0.0
37.53125 -119.21875   0.88271930         2001   129389  23 0.0
37.53125 -119.15625   0.88271930         2078   132921  24 0.0
37.53125 -119.09375   0.88271930         2336   145068  25 0.0
37.53125 -119.03125   0.88271931         2723   153131  26 0.0
37.53125 -118.96875   0.86217457         3042   161619  27 0.0
37.53125 -118.90625   0.48696630         3352   171168  28 0.0
37.53125 -118.84375   0.01944762         3691   180350  29 0.0
37.46875 -119.59375   0.01010210         1900   112015  30 0.0
37.46875 -119.53125   0.36392241         2160   111545  31 0.0
37.46875 -119.46875   0.75618459         2263   116799  32 0.0
37.46875 -119.40625   0.88345847         2010   122065  33 0.0
37.46875 -119.34375   0.88345847         2039   120739  34 0.0
37.46875 -119.28125   0.88345847         2047   120083  35 0.0
37.46875 -119.21875   0.88345847         1610   121141  36 0.0
37.46875 -119.15625   0.88345847         2160   129150  37 0.0
37.46875 -119.09375   0.88345847         2698   137644  38 0.0
37.46875 -119.03125   0.88345847         3140   150303  39 0.0
37.46875 -118.96875   0.88345847         3065   167381  40 0.0
37.46875 -118.90625   0.88345847         3224   171223  41 0.0
37.46875 -118.84375   0.69506654         3342   179887  42 0.0
37.46875 -118.78125   0.44159695         3338   188378  43 0.0
37.40625 -119.59375   0.09081356         1659    99951  44 0.0
37.40625 -119.53125   0.88419659         1885    97467  45 0.0
37.40625 -119.46875   0.88419659         2234    96512  46 0.0
37.40625 -119.40625   0.88419659         1700    99542  47 0.0
37.40625 -119.34375   0.88419659         1553   110304  48 0.0
37.40625 -119.28125   0.88419659         1511   111329  49 0.0
37.40625 -119.21875   0.88419659         1989   115989  50 0.0
37.40625 -119.15625   0.88419659         2067   125388  51 0.0
37.40625 -119.09375   0.88419659         2298   140143  52 0.0
37.40625 -119.03125   0.88419659         2654   149140  53 0.0
37.40625 -118.96875   0.88419659         2635   165065  54 0.0
37.40625 -118.90625   0.88419659         2939   171329  55 0.0
37.40625 -118.84375   0.88419659         3217   179992  56 0.0
37.40625 -118.78125   0.46831553         3579   189120  57 0.0
37.34375 -119.59375   0.35206994         1197    91581  58 0.0
37.34375 -119.53125   0.88493365         1469    87394  59 0.0
37.34375 -119.46875   0.88493365         1863    87548  60 0.0
37.34375 -119.40625   0.88493365         1917    89161  61 0.0
37.34375 -119.34375   0.88493365         1292   100151  62 0.0
37.34375 -119.28125   0.88493365         1452   103359  63 0.0
37.34375 -119.21875   0.88493365         2016   115605  64 0.0
37.34375 -119.15625   0.88493365         2395   124109  65 0.0
37.34375 -119.09375   0.88493365         2178   134205  66 0.0
37.34375 -119.03125   0.88493365         2146   153013  67 0.0
37.34375 -118.96875   0.88493365         2466   161578  68 0.0
37.34375 -118.90625   0.88493365         3048   170836  69 0.0
37.34375 -118.84375   0.88493365         3349   179877  70 0.0
37.34375 -118.78125   0.60093222         3612   189746  71 0.0
37.34375 -118.71875   0.08912230         3521   209758  72 0.0
37.28125 -119.65625   0.17314757         1023    43456  73 0.0
37.28125 -119.59375   0.53900772         1111    44121  74 0.0
37.28125 -119.53125   0.88566966         1092    51173  75 0.0
37.28125 -119.46875   0.88566966         1572    79315  76 0.0
37.28125 -119.40625   0.88566966         1833    81284  77 0.0
37.28125 -119.34375   0.88566966         1295    91701  78 0.0
37.28125 -119.28125   0.88566966         2081    92999  79 0.0
37.28125 -119.21875   0.88566966         2593   103065  80 0.0
37.28125 -119.15625   0.88566966         2597   108562  81 0.0
37.28125 -119.09375   0.88566966         2735   115877  82 0.0
37.28125 -119.03125   0.88566966         2801   127244  83 0.0
37.28125 -118.96875   0.88566966         2413   164355  84 0.0
37.28125 -118.90625   0.88566966         3080   170574  85 0.0
37.28125 -118.84375   0.88566966         3372   186033  86 0.0
37.28125 -118.78125   0.88566966         3302   191913  87 0.0
37.28125 -118.71875   0.84748898         3468   205824  88 0.0
37.28125 -118.65625   0.13024352         3730   214574  89 0.0
37.21875 -119.65625   0.50660929          710    34230  90 0.0
37.21875 -119.59375   0.88640462          705    34230  91 0.0
37.21875 -119.53125   0.88640462          845    42424  92 0.0
37.21875 -119.46875   0.88640462         1024    70661  93 0.0
37.21875 -119.40625   0.88640462         1492    71913  94 0.0
37.21875 -119.34375   0.88640462         1095    81427  95 0.0
37.21875 -119.28125   0.88640462         1669    88122  96 0.0
37.21875 -119.21875   0.88640462         2125    96463  97 0.0
37.21875 -119.15625   0.88640462         2416   104657  98 0.0
37.21875 -119.09375   0.88640462         2695   113359  99 0.0
37.21875 -119.03125   0.88640462         2872   123795 100 0.0
37.21875 -118.96875   0.77389192         2774   134991 101 0.0
37.21875 -118.90625   0.67765755         2747   177538 102 0.0
37.21875 -118.84375   0.88640462         2859   186822 103 0.0
37.21875 -118.78125   0.88640462         3263   195495 104 0.0
37.21875 -118.71875   0.88640462         3508   204376 105 0.0
37.21875 -118.65625   0.11387061         3753   213705 106 0.0
37.15625 -119.78125   0.00653245          515    22789 107 0.0
37.15625 -119.71875   0.23245263          467    22604 108 0.0
37.15625 -119.65625   0.86211937          515    25042 109 0.0
37.15625 -119.59375   0.88713852          651    29324 110 0.0
37.15625 -119.53125   0.88713852          533    38668 111 0.0
37.15625 -119.46875   0.88713852          635    52557 112 0.0
37.15625 -119.40625   0.88713852          810    66660 113 0.0
37.15625 -119.34375   0.88713852         1282    76496 114 0.0
37.15625 -119.28125   0.88713852         1765    85955 115 0.0
37.15625 -119.21875   0.86941351         2188    94935 116 0.0
37.15625 -119.15625   0.49242161         2442   105059 117 0.0
37.15625 -119.09375   0.25268768         2773   113052 118 0.0
37.15625 -119.03125   0.11987404         2855   127931 119 0.0
37.15625 -118.96875   0.01340802         2986   135237 120 0.0
37.15625 -118.90625   0.00052053         3287   194236 121 0.0
37.15625 -118.84375   0.10290586         3377   193690 122 0.0
37.15625 -118.78125   0.76954518         3234   199822 123 0.0
37.15625 -118.71875   0.88713852         3386   204507 124 0.0
37.15625 -118.65625   0.30051353         3722   212701 125 0.0
37.09375 -119.78125   0.49452881          345    13438 126 0.0
37.09375 -119.71875   0.88219656          336    12614 127 0.0
37.09375 -119.65625   0.88787137          339    15352 128 0.0
37.09375 -119.59375   0.88787137          503    20236 129 0.0
37.09375 -119.53125   0.88787137          542    28956 130 0.0
37.09375 -119.46875   0.88787137          752    41269 131 0.0
37.09375 -119.40625   0.87948954         1195    47588 132 0.0
37.09375 -119.34375   0.83430657         1473    78487 133 0.0
37.09375 -119.28125   0.52267227         1719    90007 134 0.0
37.09375 -119.21875   0.34145062         1963    94935 135 0.0
37.09375 -118.78125   0.16436069         3350   208362 136 0.0
37.09375 -118.71875   0.39927321         3554   209449 137 0.0
37.09375 -118.65625   0.06040209         3623   218665 138 0.0
37.03125 -119.78125   0.16218715          201     9389 139 0.0
37.03125 -119.71875   0.84490546          198     2630 140 0.0
37.03125 -119.65625   0.88860315          275     4992 141 0.0
37.03125 -119.59375   0.50868651          359    13093 142 0.0
37.03125 -119.53125   0.27251742          486    29180 143 0.0
37.03125 -119.46875   0.59349415          624    38307 144 0.0
37.03125 -119.40625   0.26161513          840    47025 145 0.0
37.03125 -119.34375   0.00593720         1536    86642 146 0.0
36.96875 -119.71875   0.16711795          145        0 147 0.0
36.96875 -119.65625   0.13353388          238     4877 148 0.0
36.96875 -119.59375   0.02020099          403    13054 149 0.0
