42.40625 -120.59375   0.00086699         1903   592840   1 0.0
42.40625 -120.53125   0.01840399         2076   581752   2 0.0
42.40625 -120.46875   0.09687744         1973   579370   3 0.0
42.40625 -120.40625   0.07063236         1754   577989   4 0.0
42.40625 -120.34375   0.01000765         1805   579709   5 0.0
42.34375 -120.84375   0.00602003         1704   591465   6 0.0
42.34375 -120.78125   0.06815046         1747   588457   7 0.0
42.34375 -120.71875   0.06507575         1857   588348   8 0.0
42.34375 -120.65625   0.08898785         1997   582540   9 0.0
42.34375 -120.59375   0.12239178         1831   577963  10 0.0
42.34375 -120.53125   0.12946881         1912   576129  11 0.0
42.34375 -120.46875   0.13831271         1841   571098  12 0.0
42.34375 -120.40625   0.13831271         1631   568553  13 0.0
42.34375 -120.34375   0.09983048         1597   570263  14 0.0
42.28125 -120.84375   0.02790548         1783   589815  15 0.0
42.28125 -120.78125   0.12980649         1710   579993  16 0.0
42.28125 -120.71875   0.13845013         1708   576196  17 0.0
42.28125 -120.65625   0.13845013         2039   575678  18 0.0
42.28125 -120.59375   0.13845013         1861   568610  19 0.0
42.28125 -120.53125   0.13845013         1673   564522  20 0.0
42.28125 -120.46875   0.13845013         1581   561953  21 0.0
42.28125 -120.40625   0.13845013         1487   560016  22 0.0
42.28125 -120.34375   0.13702681         1551   562077  23 0.0
42.28125 -120.28125   0.02115789         1733   570119  24 0.0
42.21875 -120.84375   0.01328300         1817   586043  25 0.0
42.21875 -120.78125   0.13592957         1681   577586  26 0.0
42.21875 -120.71875   0.13858738         1540   566881  27 0.0
42.21875 -120.65625   0.13858738         1746   565890  28 0.0
42.21875 -120.59375   0.13858738         1788   558379  29 0.0
42.21875 -120.53125   0.13858738         1586   555060  30 0.0
42.21875 -120.46875   0.13858738         1503   554728  31 0.0
42.21875 -120.40625   0.13858738         1455   550618  32 0.0
42.21875 -120.34375   0.13858738         1634   551386  33 0.0
42.21875 -120.28125   0.04914860         1838   557210  34 0.0
42.15625 -120.84375   0.02724987         1826   586613  35 0.0
42.15625 -120.78125   0.13872446         1602   579229  36 0.0
42.15625 -120.71875   0.13872446         1620   564930  37 0.0
42.15625 -120.65625   0.13872446         1525   556904  38 0.0
42.15625 -120.59375   0.13872446         1610   549843  39 0.0
42.15625 -120.53125   0.13872446         1485   545408  40 0.0
42.15625 -120.46875   0.13872446         1463   541364  41 0.0
42.15625 -120.40625   0.13872446         1441   541556  42 0.0
42.15625 -120.34375   0.13872446         1511   544281  43 0.0
42.15625 -120.28125   0.10604526         1887   550819  44 0.0
42.15625 -120.21875   0.00430668         2010   559085  45 0.0
42.09375 -120.90625   0.05111711         1692   601277  46 0.0
42.09375 -120.84375   0.09520935         1685   593174  47 0.0
42.09375 -120.78125   0.12217349         1700   577119  48 0.0
42.09375 -120.71875   0.13886138         1710   561849  49 0.0
42.09375 -120.65625   0.13886138         1738   556642  50 0.0
42.09375 -120.59375   0.13886138         1722   543738  51 0.0
42.09375 -120.53125   0.13886138         1473   536655  52 0.0
42.09375 -120.46875   0.13886138         1441   534144  53 0.0
42.09375 -120.40625   0.13886138         1435   534451  54 0.0
42.09375 -120.34375   0.13886138         1446   537330  55 0.0
42.09375 -120.28125   0.13886138         1817   540426  56 0.0
42.09375 -120.21875   0.02367289         2132   549312  57 0.0
42.03125 -120.90625   0.00744884         1693   603137  58 0.0
42.03125 -120.84375   0.01870965         1721   595956  59 0.0
42.03125 -120.78125   0.00366982         1770   578439  60 0.0
42.03125 -120.71875   0.05606143         1759   558000  61 0.0
42.03125 -120.65625   0.13899814         1646   550189  62 0.0
42.03125 -120.59375   0.13899814         1663   542077  63 0.0
42.03125 -120.53125   0.13899814         1465   529921  64 0.0
42.03125 -120.46875   0.13899814         1435   527193  65 0.0
42.03125 -120.40625   0.13899814         1434   527500  66 0.0
42.03125 -120.34375   0.13899814         1436   530379  67 0.0
42.03125 -120.28125   0.13899814         1744   534642  68 0.0
42.03125 -120.21875   0.05765868         2124   542754  69 0.0
41.96875 -120.71875   0.00453486         1798   558662  70 0.0
41.96875 -120.65625   0.03984420         1675   550735  71 0.0
41.96875 -120.59375   0.08617446         1642   528056  72 0.0
41.96875 -120.53125   0.13913473         1656   522698  73 0.0
41.96875 -120.46875   0.13913473         1434   520242  74 0.0
41.96875 -120.40625   0.13913473         1434   520549  75 0.0
41.96875 -120.34375   0.13913473         1438   523428  76 0.0
41.96875 -120.28125   0.13913473         1721   529086  77 0.0
41.96875 -120.21875   0.09507069         2107   538535  78 0.0
41.90625 -120.59375   0.01658329         1646   521394  79 0.0
41.90625 -120.53125   0.13927115         1554   515747  80 0.0
41.90625 -120.46875   0.13927115         1434   513290  81 0.0
41.90625 -120.40625   0.13927115         1434   513597  82 0.0
41.90625 -120.34375   0.13927115         1462   516477  83 0.0
41.90625 -120.28125   0.13267690         1871   527658  84 0.0
41.90625 -120.21875   0.00632073         2300   537611  85 0.0
41.84375 -120.59375   0.04167804         1596   515714  86 0.0
41.84375 -120.53125   0.13858347         1546   508981  87 0.0
41.84375 -120.46875   0.13940741         1443   506339  88 0.0
41.84375 -120.40625   0.13940741         1434   506646  89 0.0
41.84375 -120.34375   0.13940741         1588   509525  90 0.0
41.84375 -120.28125   0.13940741         1673   527146  91 0.0
41.84375 -120.21875   0.06961558         1868   537410  92 0.0
41.78125 -120.65625   0.00286031         1535   489860  93 0.0
41.78125 -120.59375   0.00008415         1544   491682  94 0.0
41.78125 -120.53125   0.11580451         1536   503094  95 0.0
41.78125 -120.46875   0.13954350         1437   499311  96 0.0
41.78125 -120.40625   0.13954350         1437   499695  97 0.0
41.78125 -120.34375   0.13954350         1709   506217  98 0.0
41.78125 -120.28125   0.13954350         1855   514105  99 0.0
41.78125 -120.21875   0.07820714         1805   540348 100 0.0
41.71875 -120.78125   0.02509952         1542   451944 101 0.0
41.71875 -120.71875   0.10956644         1558   453728 102 0.0
41.71875 -120.65625   0.13784338         1523   480434 103 0.0
41.71875 -120.59375   0.12615511         1546   478970 104 0.0
41.71875 -120.53125   0.13850014         1538   477934 105 0.0
41.71875 -120.46875   0.13967943         1453   490560 106 0.0
41.71875 -120.40625   0.13967943         1450   491046 107 0.0
41.71875 -120.34375   0.13967943         1646   493417 108 0.0
41.71875 -120.28125   0.12076229         2129   501606 109 0.0
41.71875 -120.21875   0.00788125         2079   542669 110 0.0
41.65625 -120.84375   0.00856625         1510   446952 111 0.0
41.65625 -120.78125   0.13839494         1509   443318 112 0.0
41.65625 -120.71875   0.13981519         1533   448627 113 0.0
41.65625 -120.65625   0.13981519         1506   470166 114 0.0
41.65625 -120.59375   0.13981519         1516   468236 115 0.0
41.65625 -120.53125   0.13981519         1524   469169 116 0.0
41.65625 -120.46875   0.13981519         1524   470790 117 0.0
41.65625 -120.40625   0.13981519         1460   481271 118 0.0
41.65625 -120.34375   0.13981519         1754   486334 119 0.0
41.65625 -120.28125   0.05549026         2161   493404 120 0.0
41.59375 -121.71875   0.01911361         2001   377638 121 0.0
41.59375 -121.65625   0.05250189         2093   369714 122 0.0
41.59375 -121.59375   0.12610282         2127   361157 123 0.0
41.59375 -121.53125   0.08528938         2170   361026 124 0.0
41.59375 -121.46875   0.00024593         2110   370755 125 0.0
41.59375 -121.03125   0.02475058         1526   411318 126 0.0
41.59375 -120.96875   0.08046901         1558   412044 127 0.0
41.59375 -120.90625   0.02079753         1540   429558 128 0.0
41.59375 -120.84375   0.05219790         1507   433366 129 0.0
41.59375 -120.78125   0.13995078         1514   432919 130 0.0
41.59375 -120.71875   0.13995078         1543   435911 131 0.0
41.59375 -120.65625   0.13995078         1500   463799 132 0.0
41.59375 -120.59375   0.13995078         1500   456933 133 0.0
41.59375 -120.53125   0.13995078         1499   456972 134 0.0
41.59375 -120.46875   0.13995078         1509   462070 135 0.0
41.59375 -120.40625   0.13995078         1476   473145 136 0.0
41.59375 -120.34375   0.13995078         1718   482252 137 0.0
41.59375 -120.28125   0.09846906         2101   492877 138 0.0
41.53125 -122.15625   0.00480086         2173   265623 139 0.0
41.53125 -122.09375   0.00037237         2181   263293 140 0.0
41.53125 -121.90625   0.00746476         1865   254733 141 0.0
41.53125 -121.84375   0.05543678         1786   254695 142 0.0
41.53125 -121.78125   0.10726371         1839   367917 143 0.0
41.53125 -121.71875   0.13713642         1801   359645 144 0.0
41.53125 -121.65625   0.14008621         1830   357801 145 0.0
41.53125 -121.59375   0.14008621         1919   351190 146 0.0
41.53125 -121.53125   0.14008621         1852   351212 147 0.0
41.53125 -121.46875   0.03636200         1839   361890 148 0.0
41.53125 -121.09375   0.05253978         1472   403681 149 0.0
41.53125 -121.03125   0.12448497         1500   401530 150 0.0
41.53125 -120.96875   0.14008621         1531   402687 151 0.0
41.53125 -120.90625   0.09975023         1475   415162 152 0.0
41.53125 -120.84375   0.12801382         1489   414938 153 0.0
41.53125 -120.78125   0.14008621         1458   424432 154 0.0
41.53125 -120.71875   0.14008621         1519   426515 155 0.0
41.53125 -120.65625   0.14008621         1520   436392 156 0.0
41.53125 -120.59375   0.14008621         1466   444170 157 0.0
41.53125 -120.53125   0.14008621         1399   451030 158 0.0
41.53125 -120.46875   0.14008621         1393   460660 159 0.0
41.53125 -120.40625   0.14008621         1473   469338 160 0.0
41.53125 -120.34375   0.14008621         1759   478726 161 0.0
41.53125 -120.28125   0.07023129         2038   492762 162 0.0
41.46875 -122.15625   0.08836698         2119   257605 163 0.0
41.46875 -122.09375   0.12845396         1890   251687 164 0.0
41.46875 -122.03125   0.05553463         2004   244976 165 0.0
41.46875 -121.96875   0.06858165         1940   240170 166 0.0
41.46875 -121.90625   0.10768816         1699   241011 167 0.0
41.46875 -121.84375   0.14022147         1591   246133 168 0.0
41.46875 -121.78125   0.14022147         1577   251276 169 0.0
41.46875 -121.71875   0.14022147         1533   350170 170 0.0
41.46875 -121.65625   0.14022147         1541   345590 171 0.0
41.46875 -121.59375   0.14022147         1570   342456 172 0.0
41.46875 -121.53125   0.14022147         1560   343064 173 0.0
41.46875 -121.46875   0.05451897         1524   352565 174 0.0
41.46875 -121.34375   0.00343315         1362   384390 175 0.0
41.46875 -121.21875   0.00027501         1408   383737 176 0.0
41.46875 -121.15625   0.01892400         1463   384108 177 0.0
41.46875 -121.09375   0.13112659         1488   397573 178 0.0
41.46875 -121.03125   0.14022147         1463   391316 179 0.0
41.46875 -120.96875   0.14022147         1512   391725 180 0.0
41.46875 -120.90625   0.14022147         1395   404348 181 0.0
41.46875 -120.84375   0.14022147         1367   405952 182 0.0
41.46875 -120.78125   0.14022147         1340   413592 183 0.0
41.46875 -120.71875   0.14022147         1350   421156 184 0.0
41.46875 -120.65625   0.14022147         1354   429381 185 0.0
41.46875 -120.59375   0.14022147         1347   438092 186 0.0
41.46875 -120.53125   0.14022147         1333   450869 187 0.0
41.46875 -120.46875   0.14022147         1361   459634 188 0.0
41.46875 -120.40625   0.14022147         1476   468146 189 0.0
41.46875 -120.34375   0.14022147         1735   479103 190 0.0
41.46875 -120.28125   0.13239106         1935   488232 191 0.0
41.46875 -120.21875   0.01074079         2100   496552 192 0.0
41.40625 -122.40625   0.00600246         1200   215982 193 0.0
41.40625 -122.34375   0.00325802         1304   213141 194 0.0
41.40625 -122.28125   0.04061919         2017   213327 195 0.0
41.40625 -122.21875   0.07755436         3132   208009 196 0.0
41.40625 -122.15625   0.14011357         2652   210885 197 0.0
41.40625 -122.09375   0.14035656         1847   219735 198 0.0
41.40625 -122.03125   0.14035656         1555   221214 199 0.0
41.40625 -121.96875   0.14035656         1458   231491 200 0.0
41.40625 -121.90625   0.14035656         1457   231452 201 0.0
41.40625 -121.84375   0.14035656         1592   239809 202 0.0
41.40625 -121.78125   0.14035656         1467   250799 203 0.0
41.40625 -121.71875   0.14035656         1422   337615 204 0.0
41.40625 -121.65625   0.14035656         1352   336235 205 0.0
41.40625 -121.59375   0.14035656         1333   334339 206 0.0
41.40625 -121.53125   0.14035656         1374   334579 207 0.0
41.40625 -121.46875   0.12844890         1368   338625 208 0.0
41.40625 -121.40625   0.11174319         1352   346211 209 0.0
41.40625 -121.34375   0.13001582         1347   374237 210 0.0
41.40625 -121.28125   0.10298168         1346   370600 211 0.0
41.40625 -121.21875   0.11111842         1382   367827 212 0.0
41.40625 -121.15625   0.13752201         1474   367996 213 0.0
41.40625 -121.09375   0.13632832         1560   371890 214 0.0
41.40625 -121.03125   0.14035656         1430   376738 215 0.0
41.40625 -120.96875   0.14035657         1418   385139 216 0.0
41.40625 -120.90625   0.14035657         1396   397276 217 0.0
41.40625 -120.84375   0.14035657         1431   404877 218 0.0
41.40625 -120.78125   0.14035657         1384   413247 219 0.0
41.40625 -120.71875   0.14035657         1325   420733 220 0.0
41.40625 -120.65625   0.14035657         1382   428850 221 0.0
41.40625 -120.59375   0.14035657         1394   437884 222 0.0
41.40625 -120.53125   0.14035657         1352   456025 223 0.0
41.40625 -120.46875   0.14035657         1407   461463 224 0.0
41.40625 -120.40625   0.14035657         1555   468184 225 0.0
41.40625 -120.34375   0.14035657         1741   475827 226 0.0
41.40625 -120.28125   0.14035657         2076   484725 227 0.0
41.40625 -120.21875   0.05543140         2401   493045 228 0.0
41.34375 -122.46875   0.02927209         2298   214052 229 0.0
41.34375 -122.40625   0.10940589         1428   207603 230 0.0
41.34375 -122.34375   0.13617339         1212   203838 231 0.0
41.34375 -122.28125   0.14049149         1524   200217 232 0.0
41.34375 -122.21875   0.14049149         2052   200483 233 0.0
41.34375 -122.15625   0.14049149         1948   198581 234 0.0
41.34375 -122.09375   0.14049149         1550   199760 235 0.0
41.34375 -122.03125   0.14049149         1303   210488 236 0.0
41.34375 -121.96875   0.14049149         1226   214231 237 0.0
41.34375 -121.90625   0.14049149         1405   221108 238 0.0
41.34375 -121.84375   0.14049149         1594   226384 239 0.0
41.34375 -121.78125   0.14049149         1450   235967 240 0.0
41.34375 -121.71875   0.14049149         1398   334231 241 0.0
41.34375 -121.65625   0.14049149         1315   326894 242 0.0
41.34375 -121.59375   0.14049149         1209   325337 243 0.0
41.34375 -121.53125   0.14049149         1329   324835 244 0.0
41.34375 -121.46875   0.14049149         1351   337238 245 0.0
41.34375 -121.40625   0.14049149         1347   345981 246 0.0
41.34375 -121.34375   0.14049149         1331   357134 247 0.0
41.34375 -121.28125   0.14049149         1305   361170 248 0.0
41.34375 -121.21875   0.14049149         1339   358748 249 0.0
41.34375 -121.15625   0.14049149         1355   361367 250 0.0
41.34375 -121.09375   0.14049149         1443   361853 251 0.0
41.34375 -121.03125   0.14049149         1490   368155 252 0.0
41.34375 -120.96875   0.14049149         1516   383333 253 0.0
41.34375 -120.90625   0.14049149         1623   380902 254 0.0
41.34375 -120.84375   0.14049149         1795   381349 255 0.0
41.34375 -120.78125   0.14049149         1624   420403 256 0.0
41.34375 -120.71875   0.14049149         1486   426249 257 0.0
41.34375 -120.65625   0.14049149         1456   434874 258 0.0
41.34375 -120.59375   0.14049149         1446   441694 259 0.0
41.34375 -120.53125   0.14049149         1347   464259 260 0.0
41.34375 -120.46875   0.14049149         1423   466797 261 0.0
41.34375 -120.40625   0.14049149         1581   481241 262 0.0
41.34375 -120.34375   0.14049149         1780   482968 263 0.0
41.34375 -120.28125   0.14049149         2129   486282 264 0.0
41.34375 -120.21875   0.09469225         2478   494848 265 0.0
41.28125 -122.53125   0.01900955         2162   220900 266 0.0
41.28125 -122.46875   0.14014301         1952   212943 267 0.0
41.28125 -122.40625   0.14062625         1416   204749 268 0.0
41.28125 -122.34375   0.14062625         1120   195852 269 0.0
41.28125 -122.28125   0.14062625         1128   189355 270 0.0
41.28125 -122.21875   0.14062625         1421   191346 271 0.0
41.28125 -122.15625   0.14062625         1239   190186 272 0.0
41.28125 -122.09375   0.14062625         1123   191605 273 0.0
41.28125 -122.03125   0.14062625         1103   200437 274 0.0
41.28125 -121.96875   0.14062625         1140   205560 275 0.0
41.28125 -121.90625   0.14062625         1195   214371 276 0.0
41.28125 -121.84375   0.14062625         1255   223923 277 0.0
41.28125 -121.78125   0.14062625         1375   232395 278 0.0
41.28125 -121.71875   0.14062625         1421   327066 279 0.0
41.28125 -121.65625   0.14062625         1279   318917 280 0.0
41.28125 -121.59375   0.14062625         1180   315792 281 0.0
41.28125 -121.53125   0.14062625         1259   308557 282 0.0
41.28125 -121.46875   0.14062625         1392   302517 283 0.0
41.28125 -121.40625   0.14062625         1404   299647 284 0.0
41.28125 -121.34375   0.14062625         1394   355715 285 0.0
41.28125 -121.28125   0.14062625         1324   356470 286 0.0
41.28125 -121.21875   0.14062625         1295   350462 287 0.0
41.28125 -121.15625   0.14062625         1309   351065 288 0.0
41.28125 -121.09375   0.14062625         1388   352803 289 0.0
41.28125 -121.03125   0.14062625         1629   354766 290 0.0
41.28125 -120.96875   0.14062625         1543   371698 291 0.0
41.28125 -120.90625   0.14062625         1444   371158 292 0.0
41.28125 -120.84375   0.14062625         1770   374559 293 0.0
41.28125 -120.78125   0.14062625         1878   382574 294 0.0
41.28125 -120.71875   0.14062625         1662   440984 295 0.0
41.28125 -120.65625   0.14062625         1603   444480 296 0.0
41.28125 -120.59375   0.14062625         1515   447881 297 0.0
41.28125 -120.53125   0.14062625         1342   472748 298 0.0
41.28125 -120.46875   0.14062625         1438   476885 299 0.0
41.28125 -120.40625   0.14062625         1584   484332 300 0.0
41.28125 -120.34375   0.14062625         1756   492259 301 0.0
41.28125 -120.28125   0.14062625         1899   505440 302 0.0
41.28125 -120.21875   0.12295612         2351   519099 303 0.0
41.28125 -120.15625   0.00219367         2587   526984 304 0.0
41.21875 -122.53125   0.02800478         1954   221677 305 0.0
41.21875 -122.46875   0.13972912         1800   189434 306 0.0
41.21875 -122.40625   0.14076084         1688   182196 307 0.0
41.21875 -122.34375   0.14076084         1450   181272 308 0.0
41.21875 -122.28125   0.14076084         1017   179096 309 0.0
41.21875 -122.21875   0.14076084         1113   182915 310 0.0
41.21875 -122.15625   0.14076084         1009   180828 311 0.0
41.21875 -122.09375   0.14076084          968   181953 312 0.0
41.21875 -122.03125   0.14076084         1047   190338 313 0.0
41.21875 -121.96875   0.14076084         1266   198849 314 0.0
41.21875 -121.90625   0.14076084         1367   206598 315 0.0
41.21875 -121.84375   0.14076084         1366   224447 316 0.0
41.21875 -121.78125   0.14076084         1362   232356 317 0.0
41.21875 -121.71875   0.14076084         1314   324148 318 0.0
41.21875 -121.65625   0.14076084         1234   314814 319 0.0
41.21875 -121.59375   0.14076084         1149   305988 320 0.0
41.21875 -121.53125   0.14076084         1122   296802 321 0.0
41.21875 -121.46875   0.14076084         1108   296299 322 0.0
41.21875 -121.40625   0.14076084         1129   290428 323 0.0
41.21875 -121.34375   0.14076084         1442   290799 324 0.0
41.21875 -121.28125   0.14076084         1444   356447 325 0.0
41.21875 -121.21875   0.14076084         1319   342108 326 0.0
41.21875 -121.15625   0.14076084         1270   340328 327 0.0
41.21875 -121.09375   0.14076084         1275   340698 328 0.0
41.21875 -121.03125   0.14076084         1334   348528 329 0.0
41.21875 -120.96875   0.14076084         1364   355797 330 0.0
41.21875 -120.90625   0.14076084         1335   364022 331 0.0
41.21875 -120.84375   0.14076084         1533   373357 332 0.0
41.21875 -120.78125   0.14076084         1924   381358 333 0.0
41.21875 -120.71875   0.14076084         1876   404688 334 0.0
41.21875 -120.65625   0.14076084         1763   489284 335 0.0
41.21875 -120.59375   0.14076084         1641   481475 336 0.0
41.21875 -120.53125   0.14076084         1391   481507 337 0.0
41.21875 -120.46875   0.14076084         1430   486113 338 0.0
41.21875 -120.40625   0.14076084         1497   494193 339 0.0
41.21875 -120.34375   0.14076084         1622   502388 340 0.0
41.21875 -120.28125   0.14076084         1781   509954 341 0.0
41.21875 -120.21875   0.14076084         2096   518149 342 0.0
41.21875 -120.15625   0.09319894         2368   525907 343 0.0
41.15625 -122.46875   0.05264880         1761   186651 344 0.0
41.15625 -122.40625   0.14089527         1344   168972 345 0.0
41.15625 -122.34375   0.14089527         1019   167629 346 0.0
41.15625 -122.28125   0.14089527          922   170368 347 0.0
41.15625 -122.21875   0.14089527         1197   168093 348 0.0
41.15625 -122.15625   0.14089527          970   167923 349 0.0
41.15625 -122.09375   0.14089527          999   175053 350 0.0
41.15625 -122.03125   0.14089527         1265   180217 351 0.0
41.15625 -121.96875   0.14089527         1512   187446 352 0.0
41.15625 -121.90625   0.14089527         1354   200409 353 0.0
41.15625 -121.84375   0.14089527         1363   204168 354 0.0
41.15625 -121.78125   0.14089527         1454   212224 355 0.0
41.15625 -121.71875   0.14089527         1448   244756 356 0.0
41.15625 -121.65625   0.14089527         1299   246747 357 0.0
41.15625 -121.59375   0.14089527         1141   296190 358 0.0
41.15625 -121.53125   0.14089527         1053   287352 359 0.0
41.15625 -121.46875   0.14089527         1089   282264 360 0.0
41.15625 -121.40625   0.14089527         1056   280233 361 0.0
41.15625 -121.34375   0.14089527         1262   282221 362 0.0
41.15625 -121.28125   0.14089527         1644   289163 363 0.0
41.15625 -121.21875   0.14089527         1378   298491 364 0.0
41.15625 -121.15625   0.14089527         1262   329967 365 0.0
41.15625 -121.09375   0.14089527         1263   330198 366 0.0
41.15625 -121.03125   0.14089527         1276   335130 367 0.0
41.15625 -120.96875   0.14089527         1299   355856 368 0.0
41.15625 -120.90625   0.14089527         1373   364754 369 0.0
41.15625 -120.84375   0.14089527         1542   373603 370 0.0
41.15625 -120.78125   0.14089527         1734   384680 371 0.0
41.15625 -120.71875   0.14089527         1781   394954 372 0.0
41.15625 -120.65625   0.14089527         1813   405529 373 0.0
41.15625 -120.59375   0.14089527         1850   419037 374 0.0
41.15625 -120.53125   0.14089527         1725   490904 375 0.0
41.15625 -120.46875   0.14089527         1779   492688 376 0.0
41.15625 -120.40625   0.14089527         1611   499333 377 0.0
41.15625 -120.34375   0.14089527         1719   504377 378 0.0
41.15625 -120.28125   0.14089527         1981   513608 379 0.0
41.15625 -120.21875   0.14089527         2217   522945 380 0.0
41.15625 -120.15625   0.07022750         2374   531146 381 0.0
41.09375 -122.53125   0.02695697         1695   159944 382 0.0
41.09375 -122.46875   0.08541411         1744   160145 383 0.0
41.09375 -122.40625   0.14102952         1282   157029 384 0.0
41.09375 -122.34375   0.14102952          817   157585 385 0.0
41.09375 -122.28125   0.14102952         1072   164082 386 0.0
41.09375 -122.21875   0.14102952          917   158997 387 0.0
41.09375 -122.15625   0.14102952          969   160055 388 0.0
41.09375 -122.09375   0.14102952         1092   167955 389 0.0
41.09375 -122.03125   0.14102952         1151   173393 390 0.0
41.09375 -121.96875   0.14102952         1110   187238 391 0.0
41.09375 -121.90625   0.14102952          915   191669 392 0.0
41.09375 -121.84375   0.14102952         1227   198258 393 0.0
41.09375 -121.78125   0.14102952         1510   204593 394 0.0
41.09375 -121.71875   0.14102952         1355   229845 395 0.0
41.09375 -121.65625   0.14102952         1157   235137 396 0.0
41.09375 -121.59375   0.14102952         1162   237205 397 0.0
41.09375 -121.53125   0.14102952         1048   250930 398 0.0
41.09375 -121.46875   0.14102952         1012   276696 399 0.0
41.09375 -121.40625   0.14102952         1011   273092 400 0.0
41.09375 -121.34375   0.14102952         1031   275808 401 0.0
41.09375 -121.28125   0.14102952         1247   287439 402 0.0
41.09375 -121.21875   0.14102952         1384   293291 403 0.0
41.09375 -121.15625   0.14102952         1261   321681 404 0.0
41.09375 -121.09375   0.14102952         1272   322526 405 0.0
41.09375 -121.03125   0.14102952         1387   333570 406 0.0
41.09375 -120.96875   0.14102952         1493   341188 407 0.0
41.09375 -120.90625   0.14102952         1445   371881 408 0.0
41.09375 -120.84375   0.14102952         1590   377061 409 0.0
41.09375 -120.78125   0.14102952         1628   385302 410 0.0
41.09375 -120.71875   0.14102952         1591   394615 411 0.0
41.09375 -120.65625   0.14102952         1701   404103 412 0.0
41.09375 -120.59375   0.13322792         1808   413214 413 0.0
41.09375 -120.53125   0.09317388         1884   501021 414 0.0
41.09375 -120.46875   0.07912667         1781   501021 415 0.0
41.09375 -120.40625   0.13690746         1716   512032 416 0.0
41.09375 -120.34375   0.14102953         1772   511754 417 0.0
41.09375 -120.28125   0.14102953         1929   522961 418 0.0
41.09375 -120.21875   0.12174322         2093   532677 419 0.0
41.09375 -120.15625   0.01357346         2410   542104 420 0.0
41.03125 -122.53125   0.06655467         1336   150695 421 0.0
41.03125 -122.46875   0.14116361         1383   144984 422 0.0
41.03125 -122.40625   0.14116361          730   144945 423 0.0
41.03125 -122.34375   0.14116361          777   150550 424 0.0
41.03125 -122.28125   0.14116361         1149   153305 425 0.0
41.03125 -122.21875   0.14116361          852   149115 426 0.0
41.03125 -122.15625   0.14116361          922   148984 427 0.0
41.03125 -122.09375   0.14116361         1127   157022 428 0.0
41.03125 -122.03125   0.14116361          899   164412 429 0.0
41.03125 -121.96875   0.14116361          752   181608 430 0.0
41.03125 -121.90625   0.14116361          669   185836 431 0.0
41.03125 -121.84375   0.14116361         1092   195149 432 0.0
41.03125 -121.78125   0.14116361         1350   203777 433 0.0
41.03125 -121.71875   0.14116361         1070   216900 434 0.0
41.03125 -121.65625   0.14116361          937   225193 435 0.0
41.03125 -121.59375   0.14116361          993   235192 436 0.0
41.03125 -121.53125   0.14116361         1089   243177 437 0.0
41.03125 -121.46875   0.14116361         1053   252589 438 0.0
41.03125 -121.40625   0.14116361         1010   263824 439 0.0
41.03125 -121.34375   0.14116361         1016   272923 440 0.0
41.03125 -121.28125   0.14116361         1088   280294 441 0.0
41.03125 -121.21875   0.14116361         1350   288756 442 0.0
41.03125 -121.15625   0.14116361         1329   313079 443 0.0
41.03125 -121.09375   0.14116361         1379   321326 444 0.0
41.03125 -121.03125   0.14116361         1542   330265 445 0.0
41.03125 -120.96875   0.14116361         1664   342629 446 0.0
41.03125 -120.90625   0.14116361         1635   349967 447 0.0
41.03125 -120.84375   0.14116361         1642   382395 448 0.0
41.03125 -120.78125   0.14116361         1790   389341 449 0.0
41.03125 -120.71875   0.14116361         1709   402090 450 0.0
41.03125 -120.65625   0.14116361         1654   407983 451 0.0
41.03125 -120.59375   0.09463585         1780   414594 452 0.0
41.03125 -120.40625   0.03312787         1868   520912 453 0.0
41.03125 -120.34375   0.07839164         1851   520659 454 0.0
41.03125 -120.28125   0.05310832         1921   525553 455 0.0
41.03125 -120.21875   0.04029786         1909   533077 456 0.0
40.96875 -122.59375   0.06670954         1291   150831 457 0.0
40.96875 -122.53125   0.14065159         1268   144596 458 0.0
40.96875 -122.46875   0.14129753          749   136332 459 0.0
40.96875 -122.40625   0.14129753          624   130963 460 0.0
40.96875 -122.34375   0.14129753          759   130947 461 0.0
40.96875 -122.28125   0.14129753          949   136262 462 0.0
40.96875 -122.21875   0.14129753          713   136185 463 0.0
40.96875 -122.15625   0.14129753          816   138230 464 0.0
40.96875 -122.09375   0.14129753          781   153588 465 0.0
40.96875 -122.03125   0.14129753          826   158426 466 0.0
40.96875 -121.96875   0.14129753          769   172755 467 0.0
40.96875 -121.90625   0.14129753          903   173647 468 0.0
40.96875 -121.84375   0.14129753         1065   179441 469 0.0
40.96875 -121.78125   0.14129753         1099   206647 470 0.0
40.96875 -121.71875   0.14129753         1023   216807 471 0.0
40.96875 -121.65625   0.14129754         1016   225509 472 0.0
40.96875 -121.59375   0.14129754          937   236911 473 0.0
40.96875 -121.53125   0.14129754          946   243216 474 0.0
40.96875 -121.46875   0.14129754         1070   251317 475 0.0
40.96875 -121.40625   0.14129754         1077   261664 476 0.0
40.96875 -121.34375   0.14129754         1102   272541 477 0.0
40.96875 -121.28125   0.14129754         1108   283654 478 0.0
40.96875 -121.21875   0.14129754         1225   292304 479 0.0
40.96875 -121.15625   0.14129754         1396   301121 480 0.0
40.96875 -121.09375   0.14129754         1689   314175 481 0.0
40.96875 -121.03125   0.14129754         1725   330424 482 0.0
40.96875 -120.96875   0.14129754         1683   337327 483 0.0
40.96875 -120.90625   0.14129754         1726   342817 484 0.0
40.96875 -120.84375   0.13987610         1803   351350 485 0.0
40.96875 -120.78125   0.09855099         1781   393896 486 0.0
40.96875 -120.71875   0.08434052         1865   402182 487 0.0
40.96875 -120.65625   0.07932066         1807   416924 488 0.0
40.96875 -120.59375   0.01136136         1878   419238 489 0.0
40.90625 -122.65625   0.00019767         1502   139198 490 0.0
40.90625 -122.59375   0.10482573         1193   137965 491 0.0
40.90625 -122.53125   0.14143129         1087   121582 492 0.0
40.90625 -122.46875   0.14143129          804   121543 493 0.0
40.90625 -122.40625   0.14143129          513   121190 494 0.0
40.90625 -122.34375   0.14143129          621   123644 495 0.0
40.90625 -122.28125   0.14143129          706   126223 496 0.0
40.90625 -122.21875   0.14143129          618   126568 497 0.0
40.90625 -122.15625   0.14143129          751   133209 498 0.0
40.90625 -122.09375   0.14143129          645   143089 499 0.0
40.90625 -122.03125   0.14143129          787   153974 500 0.0
40.90625 -121.96875   0.14143129          689   159212 501 0.0
40.90625 -121.90625   0.14143129          917   165664 502 0.0
40.90625 -121.84375   0.14143129         1378   173513 503 0.0
40.90625 -121.78125   0.14143129         1326   183164 504 0.0
40.90625 -121.71875   0.14143129         1050   252467 505 0.0
40.90625 -121.65625   0.14143129          973   245823 506 0.0
40.90625 -121.59375   0.14143129          983   245683 507 0.0
40.90625 -121.53125   0.14143129          998   250410 508 0.0
40.90625 -121.46875   0.14143129         1113   254174 509 0.0
40.90625 -121.40625   0.14143129         1190   267211 510 0.0
40.90625 -121.34375   0.14143129         1268   274584 511 0.0
40.90625 -121.28125   0.14143129         1316   292118 512 0.0
40.90625 -121.21875   0.14143129         1342   297017 513 0.0
40.90625 -121.15625   0.14143129         1369   303428 514 0.0
40.90625 -121.09375   0.14143129         1511   314382 515 0.0
40.90625 -121.03125   0.14143129         1436   322413 516 0.0
40.90625 -120.96875   0.14143129         1522   331316 517 0.0
40.90625 -120.90625   0.14143129         1688   340411 518 0.0
40.90625 -120.84375   0.09858738         1791   350023 519 0.0
40.84375 -122.65625   0.04996681         1082   130589 520 0.0
40.84375 -122.59375   0.14156487          939   128837 521 0.0
40.84375 -122.53125   0.14156487         1046   117481 522 0.0
40.84375 -122.46875   0.14156487          629   109262 523 0.0
40.84375 -122.40625   0.14156487          444   108939 524 0.0
40.84375 -122.34375   0.14156487          447   110045 525 0.0
40.84375 -122.28125   0.14156487          459   117124 526 0.0
40.84375 -122.21875   0.14156487          697   122429 527 0.0
40.84375 -122.15625   0.14156487          616   129187 528 0.0
40.84375 -122.09375   0.14156487          602   137142 529 0.0
40.84375 -122.03125   0.14156487          544   145463 530 0.0
40.84375 -121.96875   0.14156487          662   153603 531 0.0
40.84375 -121.90625   0.14156487          851   164590 532 0.0
40.84375 -121.84375   0.14156487         1243   173110 533 0.0
40.84375 -121.78125   0.14156487         1381   182432 534 0.0
40.84375 -121.71875   0.14156487         1192   257472 535 0.0
40.84375 -121.65625   0.14156487         1303   253863 536 0.0
40.84375 -121.59375   0.14156487         1280   253377 537 0.0
40.84375 -121.53125   0.14156487         1081   258558 538 0.0
40.84375 -121.46875   0.14156487         1094   262946 539 0.0
40.84375 -121.40625   0.14156487         1333   270105 540 0.0
40.84375 -121.34375   0.14156487         1474   282065 541 0.0
40.84375 -121.28125   0.14156487         1559   292055 542 0.0
40.84375 -121.21875   0.14156487         1602   305706 543 0.0
40.84375 -121.15625   0.14156487         1597   309490 544 0.0
40.84375 -121.09375   0.14156487         1494   317518 545 0.0
40.84375 -121.03125   0.14156487         1490   322835 546 0.0
40.84375 -120.96875   0.14156487         1617   330936 547 0.0
40.84375 -120.90625   0.13944027         1835   339663 548 0.0
40.84375 -120.84375   0.06601066         1893   352091 549 0.0
40.78125 -122.71875   0.00588401         1220   123021 550 0.0
40.78125 -122.65625   0.10171009         1005   119263 551 0.0
40.78125 -122.59375   0.14169829          766   119317 552 0.0
40.78125 -122.53125   0.14169829          936   108904 553 0.0
40.78125 -122.46875   0.14169829          896   101110 554 0.0
40.78125 -122.40625   0.14169829          400   100266 555 0.0
40.78125 -122.34375   0.14169829          417    82560 556 0.0
40.78125 -122.28125   0.14169829          450    82598 557 0.0
40.78125 -122.21875   0.14169829          459   118456 558 0.0
40.78125 -122.15625   0.14169829          440   126097 559 0.0
40.78125 -122.09375   0.14169829          496    89493 560 0.0
40.78125 -122.03125   0.14169829          588    90126 561 0.0
40.78125 -121.96875   0.14169829          653    98096 562 0.0
40.78125 -121.90625   0.14169829          924   105974 563 0.0
40.78125 -121.84375   0.14169829         1435   112417 564 0.0
40.78125 -121.78125   0.14169829         1640   122540 565 0.0
40.78125 -121.71875   0.14169829         1413   194158 566 0.0
40.78125 -121.65625   0.14169829         1616   261926 567 0.0
40.78125 -121.59375   0.14169829         1537   261533 568 0.0
40.78125 -121.53125   0.14169829         1365   266739 569 0.0
40.78125 -121.46875   0.14169829         1074   270028 570 0.0
40.78125 -121.40625   0.14169829         1382   278081 571 0.0
40.78125 -121.34375   0.14169829         1569   288571 572 0.0
40.78125 -121.28125   0.14169829         1695   293774 573 0.0
40.78125 -121.21875   0.14169829         1862   307599 574 0.0
40.78125 -121.15625   0.14169829         1889   316262 575 0.0
40.78125 -121.09375   0.14155942         1774   326527 576 0.0
40.78125 -121.03125   0.14169829         1768   331700 577 0.0
40.78125 -120.96875   0.13957016         1830   335238 578 0.0
40.78125 -120.90625   0.05102441         1930   343540 579 0.0
40.71875 -122.78125   0.00027971         1327   121071 580 0.0
40.71875 -122.71875   0.07020069         1080   113871 581 0.0
40.71875 -122.65625   0.14183154          746   110074 582 0.0
40.71875 -122.59375   0.14183154          790   102794 583 0.0
40.71875 -122.53125   0.14183154          992    93753 584 0.0
40.71875 -122.46875   0.14183154          527    90273 585 0.0
40.71875 -122.40625   0.14183154          367    78418 586 0.0
40.71875 -122.34375   0.14183154          367    72924 587 0.0
40.71875 -122.28125   0.14183154          405    69325 588 0.0
40.71875 -122.21875   0.14183154          329    69063 589 0.0
40.71875 -122.15625   0.14183154          373    70396 590 0.0
40.71875 -122.09375   0.14183154          439    76439 591 0.0
40.71875 -122.03125   0.14183154          535    80949 592 0.0
40.71875 -121.96875   0.14183154          692    87289 593 0.0
40.71875 -121.90625   0.14183154          981    95451 594 0.0
40.71875 -121.84375   0.14183154         1340   103910 595 0.0
40.71875 -121.78125   0.14183154         1621   110412 596 0.0
40.71875 -121.71875   0.14183154         1546   118229 597 0.0
40.71875 -121.65625   0.14183154         1703   281589 598 0.0
40.71875 -121.59375   0.14183154         2043   277632 599 0.0
40.71875 -121.53125   0.14183154         1793   277978 600 0.0
40.71875 -121.46875   0.14183154         1382   279794 601 0.0
40.71875 -121.40625   0.14183154         1391   285163 602 0.0
40.71875 -121.34375   0.14183154         1554   291458 603 0.0
40.71875 -121.28125   0.14183154         1700   300013 604 0.0
40.71875 -121.21875   0.14183154         1734   307522 605 0.0
40.71875 -121.15625   0.14183154         1785   324936 606 0.0
40.71875 -121.09375   0.03764044         1917   333046 607 0.0
40.71875 -121.03125   0.02069050         2043   338955 608 0.0
40.71875 -120.96875   0.01399661         2001   344487 609 0.0
40.65625 -122.78125   0.00012795         1341   121186 610 0.0
40.65625 -122.71875   0.10532229          879   112861 611 0.0
40.65625 -122.65625   0.14196462          645   103331 612 0.0
40.65625 -122.59375   0.14196462          544    94923 613 0.0
40.65625 -122.53125   0.14196462          642    85745 614 0.0
40.65625 -122.46875   0.14196462          358    79743 615 0.0
40.65625 -122.40625   0.14196462          269    75944 616 0.0
40.65625 -122.34375   0.14196462          218    63730 617 0.0
40.65625 -122.28125   0.14196462          213    62621 618 0.0
40.65625 -122.21875   0.14196462          200    60307 619 0.0
40.65625 -122.15625   0.14196462          241    62643 620 0.0
40.65625 -122.09375   0.14196462          287    67920 621 0.0
40.65625 -122.03125   0.14196462          381    75887 622 0.0
40.65625 -121.96875   0.14196462          564    82738 623 0.0
40.65625 -121.90625   0.14196462          731    91488 624 0.0
40.65625 -121.84375   0.14196462         1014   100582 625 0.0
40.65625 -121.78125   0.14196462         1357   108837 626 0.0
40.65625 -121.71875   0.14196462         1660   116388 627 0.0
40.65625 -121.65625   0.14196462         1885   109501 628 0.0
40.65625 -121.59375   0.14196462         1851   297440 629 0.0
40.65625 -121.53125   0.14196462         1785   294213 630 0.0
40.65625 -121.46875   0.14196462         1467   296018 631 0.0
40.65625 -121.40625   0.14196462         1429   294136 632 0.0
40.65625 -121.34375   0.14196462         1663   299712 633 0.0
40.65625 -121.28125   0.14196462         1649   306986 634 0.0
40.65625 -121.21875   0.14196462         1723   314614 635 0.0
40.65625 -121.15625   0.14196462         1760   324518 636 0.0
40.65625 -121.09375   0.08540632         1776   337923 637 0.0
40.65625 -121.03125   0.00200061         2106   347458 638 0.0
40.59375 -122.71875   0.04789673         1358   112432 639 0.0
40.59375 -122.65625   0.14209753         1315    97898 640 0.0
40.59375 -122.59375   0.14209753          783    86694 641 0.0
40.59375 -122.53125   0.14209753          421    78807 642 0.0
40.59375 -122.46875   0.14209753          287    71441 643 0.0
40.59375 -122.40625   0.14209753          199    64295 644 0.0
40.59375 -122.34375   0.14209753          184    55699 645 0.0
40.59375 -122.28125   0.14209753          188    53849 646 0.0
40.59375 -122.21875   0.14209753          171    51743 647 0.0
40.59375 -122.15625   0.14209753          201    56980 648 0.0
40.59375 -122.09375   0.14209753          261    65612 649 0.0
40.59375 -122.03125   0.14209753          365    74676 650 0.0
40.59375 -121.96875   0.14209753          558    82335 651 0.0
40.59375 -121.90625   0.14209753          707    77167 652 0.0
40.59375 -121.84375   0.14209753          906    82367 653 0.0
40.59375 -121.78125   0.14209753         1223    90330 654 0.0
40.59375 -121.71875   0.14209753         1504    95661 655 0.0
40.59375 -121.65625   0.14209753         1701    98562 656 0.0
40.59375 -121.59375   0.14209753         1776   105443 657 0.0
40.59375 -121.53125   0.14209753         1686   309092 658 0.0
40.59375 -121.46875   0.14209753         1638   306279 659 0.0
40.59375 -121.40625   0.14209753         1861   302483 660 0.0
40.59375 -121.34375   0.14209753         2042   303368 661 0.0
40.59375 -121.28125   0.14209753         1831   317522 662 0.0
40.59375 -121.21875   0.13984035         1937   319526 663 0.0
40.59375 -121.15625   0.10588873         1957   326301 664 0.0
40.59375 -121.09375   0.05068887         1793   340876 665 0.0
40.59375 -121.03125   0.00185252         2087   347497 666 0.0
40.53125 -122.84375   0.01035198         1299   128910 667 0.0
40.53125 -122.78125   0.08474581         1346   107571 668 0.0
40.53125 -122.71875   0.14015094         1035    97473 669 0.0
40.53125 -122.65625   0.14223027          877    90020 670 0.0
40.53125 -122.59375   0.14223027          652    78561 671 0.0
40.53125 -122.53125   0.14223027          391    74394 672 0.0
40.53125 -122.46875   0.14223027          268    65778 673 0.0
40.53125 -122.40625   0.14223027          177    57891 674 0.0
40.53125 -122.34375   0.14223027          148    51480 675 0.0
40.53125 -122.28125   0.14223027          161    44003 676 0.0
40.53125 -122.21875   0.14223027          154    41884 677 0.0
40.53125 -122.15625   0.14223027          197    42801 678 0.0
40.53125 -122.09375   0.14223027          275    47393 679 0.0
40.53125 -122.03125   0.14223027          399    53752 680 0.0
40.53125 -121.96875   0.14223027          614    62000 681 0.0
40.53125 -121.90625   0.14223027          832    73981 682 0.0
40.53125 -121.84375   0.14223027         1119    75511 683 0.0
40.53125 -121.78125   0.14223027         1228    78896 684 0.0
40.53125 -121.71875   0.14223027         1276    85664 685 0.0
40.53125 -121.65625   0.14223027         1467    93820 686 0.0
40.53125 -121.59375   0.14223027         1802   102669 687 0.0
40.53125 -121.53125   0.14223027         2071   112722 688 0.0
40.53125 -121.46875   0.14223027         1994   316289 689 0.0
40.53125 -121.40625   0.14223027         2060   312696 690 0.0
40.53125 -121.34375   0.14223027         2014   316122 691 0.0
40.53125 -121.28125   0.14223027         2028   326732 692 0.0
40.53125 -121.21875   0.03769423         2196   329084 693 0.0
40.53125 -121.15625   0.00023516         2031   333498 694 0.0
40.46875 -122.90625   0.03876051         1093   128395 695 0.0
40.46875 -122.84375   0.12594497          984   119377 696 0.0
40.46875 -122.78125   0.14236284          919    99508 697 0.0
40.46875 -122.71875   0.14236284          708    91135 698 0.0
40.46875 -122.65625   0.14236284          420    85939 699 0.0
40.46875 -122.59375   0.14236284          299    76519 700 0.0
40.46875 -122.53125   0.14236284          286    67292 701 0.0
40.46875 -122.46875   0.14236284          240    61202 702 0.0
40.46875 -122.40625   0.14236284          217    54357 703 0.0
40.46875 -122.34375   0.14236284          162    48310 704 0.0
40.46875 -122.28125   0.14236284          136    39678 705 0.0
40.46875 -122.21875   0.14236284          136    32712 706 0.0
40.46875 -122.15625   0.14236284          172    33552 707 0.0
40.46875 -122.09375   0.14236284          288    41870 708 0.0
40.46875 -122.03125   0.14236284          471    45382 709 0.0
40.46875 -121.96875   0.14236284          622    51994 710 0.0
40.46875 -121.90625   0.14236284          827    60373 711 0.0
40.46875 -121.84375   0.14236284          912    67611 712 0.0
40.46875 -121.78125   0.14236284         1079    75683 713 0.0
40.46875 -121.71875   0.14236284         1269    83947 714 0.0
40.46875 -121.65625   0.14236284         1538    92004 715 0.0
40.46875 -121.59375   0.14236284         2077   100076 716 0.0
40.46875 -121.53125   0.07138836         2485   109324 717 0.0
40.46875 -121.46875   0.05802686         2323   327327 718 0.0
40.46875 -121.40625   0.02297280         2111   328020 719 0.0
40.46875 -121.34375   0.06934868         2075   335443 720 0.0
40.46875 -121.28125   0.07714530         2160   335175 721 0.0
40.46875 -121.21875   0.01281064         2307   337316 722 0.0
40.40625 -123.03125   0.00948633         1124   148487 723 0.0
40.40625 -122.96875   0.10609125         1157   133530 724 0.0
40.40625 -122.90625   0.14243714          923   121920 725 0.0
40.40625 -122.84375   0.14249524          738   112611 726 0.0
40.40625 -122.78125   0.14249524          500    97347 727 0.0
40.40625 -122.71875   0.14249524          420    88837 728 0.0
40.40625 -122.65625   0.14249524          321    80727 729 0.0
40.40625 -122.59375   0.14249524          274    72671 730 0.0
40.40625 -122.53125   0.14249524          212    64438 731 0.0
40.40625 -122.46875   0.14249524          200    56184 732 0.0
40.40625 -122.40625   0.14249524          193    48259 733 0.0
40.40625 -122.34375   0.14249524          182    40480 734 0.0
40.40625 -122.28125   0.14249524          155    31909 735 0.0
40.40625 -122.21875   0.14249524          124    24348 736 0.0
40.40625 -122.15625   0.14249524          168    23856 737 0.0
40.40625 -122.09375   0.14249524          268    15915 738 0.0
40.40625 -122.03125   0.14249524          305    20721 739 0.0
40.40625 -121.96875   0.14249524          380    50629 740 0.0
40.40625 -121.90625   0.14249524          517    59063 741 0.0
40.40625 -121.84375   0.14249524          707    67650 742 0.0
40.40625 -121.78125   0.14249524         1038    75837 743 0.0
40.40625 -121.71875   0.14249524         1386    83947 744 0.0
40.40625 -121.65625   0.14249524         1686    92311 745 0.0
40.40625 -121.59375   0.14249524         2004    99996 746 0.0
40.40625 -121.53125   0.05660612         1975   110574 747 0.0
40.34375 -123.09375   0.00346815         1374   145994 748 0.0
40.34375 -123.03125   0.11457121         1167   137899 749 0.0
40.34375 -122.96875   0.14262747          943   129858 750 0.0
40.34375 -122.90625   0.14262747          818   117902 751 0.0
40.34375 -122.84375   0.14262747          564   110185 752 0.0
40.34375 -122.78125   0.14262747          443    99367 753 0.0
40.34375 -122.71875   0.14262747          359    91388 754 0.0
40.34375 -122.65625   0.14262747          352    81930 755 0.0
40.34375 -122.59375   0.14262747          285    71903 756 0.0
40.34375 -122.53125   0.14262747          237    64531 757 0.0
40.34375 -122.46875   0.14262747          198    56222 758 0.0
40.34375 -122.40625   0.14262747          177    48335 759 0.0
40.34375 -122.34375   0.14262747          159    40218 760 0.0
40.34375 -122.28125   0.14261532          162    20408 761 0.0
40.34375 -122.21875   0.14262747          151    12205 762 0.0
40.34375 -122.15625   0.14262747          147     5516 763 0.0
40.34375 -122.09375   0.13575294          174     9181 764 0.0
40.34375 -122.03125   0.06901281          269    19906 765 0.0
40.34375 -121.96875   0.06336228          540    28461 766 0.0
40.34375 -121.90625   0.07113391          584    61706 767 0.0
40.34375 -121.84375   0.06458789          759    68954 768 0.0
40.34375 -121.78125   0.05195325          923    76431 769 0.0
40.34375 -121.71875   0.06748719         1181    84341 770 0.0
40.34375 -121.65625   0.10081618         1589    91943 771 0.0
40.34375 -121.59375   0.12907365         1628    99945 772 0.0
40.34375 -121.53125   0.03399163         1743   108023 773 0.0
40.28125 -123.09375   0.00419172         1604   146524 774 0.0
40.28125 -123.03125   0.11057325         1399   137976 775 0.0
40.28125 -122.96875   0.14206180         1205   129558 776 0.0
40.28125 -122.90625   0.14275954         1039   118094 777 0.0
40.28125 -122.84375   0.14275954          833   109018 778 0.0
40.28125 -122.78125   0.14275954          517    99089 779 0.0
40.28125 -122.71875   0.14275954          406    90841 780 0.0
40.28125 -122.65625   0.14275954          352    82984 781 0.0
40.28125 -122.59375   0.14275954          276    74812 782 0.0
40.28125 -122.53125   0.14275954          234    66155 783 0.0
40.28125 -122.46875   0.14272018          212    58955 784 0.0
40.28125 -122.40625   0.13333272          218    53286 785 0.0
40.28125 -122.34375   0.09839966          191    48125 786 0.0
40.28125 -122.28125   0.05172709          202    20261 787 0.0
40.28125 -122.21875   0.01970113          131      409 788 0.0
40.28125 -122.15625   0.05034768          150        0 789 0.0
40.28125 -122.09375   0.00884957          194     9367 790 0.0
40.28125 -121.59375   0.00663140         1837   106464 791 0.0
40.21875 -122.96875   0.09061313         1658   136979 792 0.0
40.21875 -122.90625   0.14289143         1506   120559 793 0.0
40.21875 -122.84375   0.14289143         1108   109515 794 0.0
40.21875 -122.78125   0.14289143          664   100234 795 0.0
40.21875 -122.71875   0.14289143          457    91762 796 0.0
40.21875 -122.65625   0.14289143          389    84208 797 0.0
40.21875 -122.59375   0.14289143          316    75813 798 0.0
40.21875 -122.53125   0.13184568          255    71508 799 0.0
40.21875 -122.46875   0.04444994          246    64708 800 0.0
40.21875 -122.40625   0.00054096          252    65139 801 0.0
40.15625 -122.96875   0.09762654         1667   139018 802 0.0
40.15625 -122.90625   0.14302315         1481   130993 803 0.0
40.15625 -122.84375   0.14302315         1438   123036 804 0.0
40.15625 -122.78125   0.14302315         1030   115017 805 0.0
40.15625 -122.71875   0.14302315          581    98806 806 0.0
40.15625 -122.65625   0.13832267          445    94939 807 0.0
40.15625 -122.59375   0.09924541          372    88714 808 0.0
40.15625 -122.53125   0.01831088          292    86275 809 0.0
40.09375 -122.96875   0.06685200         1618   145439 810 0.0
40.09375 -122.90625   0.14315471         1482   136788 811 0.0
40.09375 -122.84375   0.14315471         1272   127776 812 0.0
40.09375 -122.78125   0.14312944         1171   120020 813 0.0
40.09375 -122.71875   0.11380540          950   109464 814 0.0
40.09375 -122.65625   0.02209965          572   105306 815 0.0
40.03125 -122.96875   0.00693526         1875   146695 816 0.0
40.03125 -122.90625   0.04557353         1837   141224 817 0.0
40.03125 -122.84375   0.05607179         1909   132331 818 0.0
40.03125 -122.78125   0.02785816         1582   131985 819 0.0
