41.34375 -122.65625   0.18034786         1902    86006   1 0.0
41.34375 -122.59375   0.89480843         2075    86083   2 0.0
41.34375 -122.53125   1.11167839         1983    89026   3 0.0
41.34375 -122.46875   0.10849859         2452    97613   4 0.0
41.28125 -122.71875   0.44777294         1757    81270   5 0.0
41.28125 -122.65625   1.46098592         1615    76508   6 0.0
41.28125 -122.59375   1.95265567         1618    78892   7 0.0
41.28125 -122.53125   1.68867510         1936    87786   8 0.0
41.28125 -122.46875   0.00674954         2388    98738   9 0.0
41.21875 -122.90625   0.24752422         1972    83152  10 0.0
41.21875 -122.84375   0.53114754         1991    82273  11 0.0
41.21875 -122.78125   1.08212724         1976    74546  12 0.0
41.21875 -122.71875   1.87810563         1772    69101  13 0.0
41.21875 -122.65625   1.95452454         1276    68167  14 0.0
41.21875 -122.59375   1.95452454         1648    73191  15 0.0
41.21875 -122.53125   1.56557796         1879    75412  16 0.0
41.21875 -122.46875   0.01438034         2062    85219  17 0.0
41.15625 -122.96875   0.60997796         2012    85647  18 0.0
41.15625 -122.90625   1.90383965         1825    78332  19 0.0
41.15625 -122.84375   1.95639109         1704    70168  20 0.0
41.15625 -122.78125   1.95639109         1837    64227  21 0.0
41.15625 -122.71875   1.95639109         1404    58030  22 0.0
41.15625 -122.65625   1.95639109         1177    59667  23 0.0
41.15625 -122.59375   1.95639109         1480    63632  24 0.0
41.15625 -122.53125   1.95639109         1620    64658  25 0.0
41.15625 -122.46875   1.22537676         1748    71589  26 0.0
41.09375 -122.96875   0.75986594         1832    85478  27 0.0
41.09375 -122.90625   1.85429156         1726    76805  28 0.0
41.09375 -122.84375   1.95825530         1724    68410  29 0.0
41.09375 -122.78125   1.95825530         1297    54026  30 0.0
41.09375 -122.71875   1.95825530         1043    48734  31 0.0
41.09375 -122.65625   1.95825530         1460    50354  32 0.0
41.09375 -122.59375   1.95825530         1423    53805  33 0.0
41.09375 -122.53125   1.58395398         1612    58458  34 0.0
41.09375 -122.46875   0.77226738         1758    71627  35 0.0
41.03125 -123.03125   0.13216423         2104    59367  36 0.0
41.03125 -122.96875   0.29357234         1889    55293  37 0.0
41.03125 -122.90625   1.04491194         1989    66468  38 0.0
41.03125 -122.84375   1.96011719         1974    58900  39 0.0
41.03125 -122.78125   1.96011719         1675    48437  40 0.0
41.03125 -122.71875   1.96011719          969    41039  41 0.0
41.03125 -122.65625   1.96011719          952    41001  42 0.0
41.03125 -122.59375   1.96011719         1104    44563  43 0.0
41.03125 -122.53125   1.03592466         1464    53229  44 0.0
40.96875 -123.03125   0.26103742         2160    50879  45 0.0
40.96875 -122.96875   1.88237221         1761    46514  46 0.0
40.96875 -122.90625   1.89645536         1997    42924  47 0.0
40.96875 -122.84375   1.96197674         1886    35776  48 0.0
40.96875 -122.78125   1.96197674         1286    32999  49 0.0
40.96875 -122.71875   1.96197674          900    33744  50 0.0
40.96875 -122.65625   1.96197674          825    33974  51 0.0
40.96875 -122.59375   1.03572732         1112    40494  52 0.0
40.96875 -122.53125   0.00896761         1357    54453  53 0.0
40.90625 -123.03125   0.00531595         2269    50595  54 0.0
40.90625 -122.96875   1.75083823         1454    39371  55 0.0
40.90625 -122.90625   1.96383396         1668    33101  56 0.0
40.90625 -122.84375   1.96383396         1431    25934  57 0.0
40.90625 -122.78125   1.96383396          933    24150  58 0.0
40.90625 -122.71875   1.96383396          896    25413  59 0.0
40.90625 -122.65625   1.96107551         1004    29292  60 0.0
40.90625 -122.59375   0.50823640         1260    37278  61 0.0
40.84375 -122.96875   0.52484637         1524    39125  62 0.0
40.84375 -122.90625   1.26134857         1082    30324  63 0.0
40.84375 -122.84375   1.96409150          866    22760  64 0.0
40.84375 -122.78125   1.96568884          786    16017  65 0.0
40.84375 -122.71875   1.96568884          928    17081  66 0.0
40.84375 -122.65625   1.27195554         1062    26000  67 0.0
40.78125 -122.84375   0.85592482          891     6519  68 0.0
40.78125 -122.78125   1.96754138          803     6219  69 0.0
40.78125 -122.71875   1.88585326         1060    12716  70 0.0
40.78125 -122.65625   0.55522451         1062    24380  71 0.0
40.71875 -122.84375   0.12525140          808     5039  72 0.0
40.71875 -122.78125   0.78332884          773        0  73 0.0
40.71875 -122.71875   0.23354750         1165    12546  74 0.0
