39.84375 -122.96875   0.35134970         1805    92730   1 0.0
39.84375 -122.90625   1.30843117         1426    85006   2 0.0
39.84375 -122.84375   0.75794419         1331    79666   3 0.0
39.84375 -122.78125   0.43839748         1559    74080   4 0.0
39.84375 -122.71875   0.19068951         1534    73735   5 0.0
39.84375 -122.65625   0.00694326          529    40140   6 0.0
39.84375 -122.59375   1.14597408          291    30387   7 0.0
39.84375 -122.53125   1.08938041          262    21468   8 0.0
39.84375 -122.46875   0.37636497          222    13744   9 0.0
39.84375 -122.40625   0.52052296          181     6120  10 0.0
39.84375 -122.34375   0.39328608          147        0  11 0.0
39.78125 -122.96875   0.04416217         1543    92446  12 0.0
39.78125 -122.90625   1.37762018         1472    84636  13 0.0
39.78125 -122.84375   1.92833148         1210    75764  14 0.0
39.78125 -122.78125   1.92833148         1016    67046  15 0.0
39.78125 -122.71875   1.84608323         1117    47056  16 0.0
39.78125 -122.65625   1.83735746         1023    38721  17 0.0
39.78125 -122.59375   1.92833148          425    29902  18 0.0
39.78125 -122.53125   1.92833148          232    21430  19 0.0
39.78125 -122.46875   1.92833148          229    13274  20 0.0
39.78125 -122.40625   1.92833148          182     5672  21 0.0
39.78125 -122.34375   0.79133155          150     1860  22 0.0
39.71875 -122.90625   0.02151589         2051    90954  23 0.0
39.71875 -122.84375   0.48089043         1722    71091  24 0.0
39.71875 -122.78125   1.88037852         1275    63105  25 0.0
39.71875 -122.71875   1.93008172          745    54071  26 0.0
39.71875 -122.65625   1.93008172          839    42378  27 0.0
39.71875 -122.59375   1.93008172          566    34245  28 0.0
39.71875 -122.53125   1.93008172          292    23124  29 0.0
39.71875 -122.46875   1.83906106          250    18245  30 0.0
39.71875 -122.40625   0.77874855          183    11013  31 0.0
39.71875 -122.34375   0.00132050          195    10645  32 0.0
39.65625 -122.78125   1.44741352         1380    63892  33 0.0
39.65625 -122.71875   1.93182967         1108    53247  34 0.0
39.65625 -122.65625   1.93182967          719    45721  35 0.0
39.65625 -122.59375   1.93182967          381    38196  36 0.0
39.65625 -122.53125   1.93182967          243    29568  37 0.0
39.65625 -122.46875   1.00241678          269    25154  38 0.0
39.59375 -122.78125   0.00945420         1697    66864  39 0.0
39.59375 -122.71875   0.94543393         1267    61230  40 0.0
39.59375 -122.65625   1.93357531          898    53020  41 0.0
39.59375 -122.59375   1.93357531          347    42647  42 0.0
39.59375 -122.53125   1.77423738          278    36464  43 0.0
39.59375 -122.46875   0.01633487          322    35755  44 0.0
39.53125 -122.71875   0.39693713         1391    61684  45 0.0
39.53125 -122.65625   1.73123262         1153    55472  46 0.0
39.53125 -122.59375   1.93531866          440    49426  47 0.0
39.53125 -122.53125   1.92992011          313    47824  48 0.0
39.53125 -122.46875   0.16842486          414    51688  49 0.0
39.46875 -122.78125   0.01628326         1590   108536  50 0.0
39.46875 -122.71875   1.56073648         1405    71345  51 0.0
39.46875 -122.65625   1.93705971          898    62148  52 0.0
39.46875 -122.59375   1.93705971          589    57888  53 0.0
39.46875 -122.53125   1.93705971          343    56258  54 0.0
39.46875 -122.46875   0.75106224          415    58418  55 0.0
39.40625 -122.78125   1.38826854         1730   101793  56 0.0
39.40625 -122.71875   1.92174180         1492    92682  57 0.0
39.40625 -122.65625   1.93879845          925    83715  58 0.0
39.40625 -122.59375   1.93879845          526    73524  59 0.0
39.40625 -122.53125   1.93879845          356    64583  60 0.0
39.40625 -122.46875   1.26002598          431    64992  61 0.0
39.34375 -122.78125   0.32890617         1326   102078  62 0.0
39.34375 -122.71875   1.88981618         1315    92798  63 0.0
39.34375 -122.65625   1.94053488          740    84287  64 0.0
39.34375 -122.59375   1.94053488          649    77049  65 0.0
39.34375 -122.53125   1.94053488          406    73208  66 0.0
39.34375 -122.46875   1.39147453          457    73246  67 0.0
39.28125 -122.78125   0.19799165         1348   105213  68 0.0
39.28125 -122.71875   1.52291300         1455   101570  69 0.0
39.28125 -122.65625   1.94226900          997    97751  70 0.0
39.28125 -122.59375   1.91477820          753    88825  71 0.0
39.28125 -122.53125   1.92606819          521    81897  72 0.0
39.28125 -122.46875   1.66357827          453    83086  73 0.0
39.28125 -122.40625   0.05752079          605   100288  74 0.0
39.21875 -122.71875   0.01561416         1585   107996  75 0.0
39.21875 -122.65625   0.86814165         1086    99981  76 0.0
39.21875 -122.59375   0.69847377          851    96987  77 0.0
39.21875 -122.53125   0.36289382          602    92868  78 0.0
39.21875 -122.46875   0.83737979          469    91525  79 0.0
39.21875 -122.40625   0.31522097          568    98035  80 0.0
